p cnf 707 3705
e 47 48 49 50 0
a 1 2 3 0
e 19 30 36 51 52 73 74 93 94 113 150 151 169 170 189 226 227 245 246 265 303 304 323 324 343 381 382 418 0
a 4 5 6 0
e 20 25 31 37 42 53 54 55 56 75 76 77 95 96 97 114 115 116 131 132 133 152 153 154 171 172 173 190 191 192 207 208 209 228 229 230 247 248 249 266 267 268 284 285 286 305 306 307 325 326 327 344 345 346 362 363 364 383 384 385 401 419 0
a 7 8 9 0
e 21 26 32 38 43 57 58 59 60 78 79 80 81 98 99 100 101 117 118 119 120 134 135 136 137 155 156 157 158 174 175 176 177 193 194 195 196 210 211 212 213 231 232 233 234 250 251 252 253 269 270 271 272 287 288 289 290 308 309 310 311 328 329 330 331 347 348 349 350 365 366 367 368 386 387 388 402 406 417 420 0
a 10 11 12 0
e 22 27 33 39 44 61 62 63 64 82 83 84 85 102 103 104 105 121 122 123 138 139 140 141 159 160 161 178 179 180 197 198 199 214 215 216 217 235 236 237 254 255 256 257 273 274 275 276 291 292 293 294 312 313 314 315 332 333 334 351 352 353 354 369 370 371 372 389 390 391 400 403 407 415 421 0
a 13 14 15 0
e 23 28 34 40 45 65 66 67 68 86 87 88 106 107 108 124 125 126 142 143 144 145 162 163 164 165 181 182 183 184 200 201 202 218 219 220 221 238 239 240 241 258 259 260 277 278 279 280 295 296 297 298 316 317 318 335 336 337 338 355 356 357 358 373 374 375 376 392 393 394 398 404 408 413 422 0
a 16 17 18 0
e 24 29 35 41 46 69 70 71 72 89 90 91 92 109 110 111 112 127 128 129 130 146 147 148 149 166 167 168 185 186 187 188 203 204 205 206 222 223 224 225 242 243 244 261 262 263 264 281 282 283 299 300 301 302 319 320 321 322 339 340 341 342 359 360 361 377 378 379 380 395 396 397 399 405 409 411 423 410 424 425 426 427 428 429 430 431 432 433 434 435 436 437 438 439 440 441 442 443 444 445 446 447 448 449 450 451 452 453 454 455 456 457 458 459 460 461 462 463 464 465 466 467 468 469 470 471 472 473 474 475 476 477 478 479 480 481 482 483 484 485 486 487 488 489 497 498 499 500 501 502 503 511 512 513 514 515 516 517 525 526 527 528 529 530 531 532 533 534 535 536 537 538 539 540 541 542 543 544 545 546 547 548 549 550 551 552 553 554 555 556 557 558 559 560 561 562 563 564 565 566 567 568 569 570 571 572 573 574 575 576 577 578 579 580 581 582 583 584 585 586 587 588 589 590 591 592 593 594 595 596 597 598 599 600 601 602 603 604 605 606 607 608 609 610 611 612 613 614 615 616 617 618 619 620 621 622 623 624 625 626 627 628 629 630 631 632 633 634 635 636 637 638 639 640 641 642 643 644 645 646 647 648 649 650 651 652 653 654 655 656 657 658 659 660 661 662 663 664 665 666 667 668 669 670 671 672 673 674 675 676 677 678 679 680 681 682 683 684 685 686 687 688 689 690 691 692 693 694 695 696 697 698 699 700 701 702 703 704 705 706 707 0
-1 2 3 19 0
1 -19 0
-2 -19 0
-3 -19 0
-4 5 6 20 0
4 -20 0
-5 -20 0
-6 -20 0
-7 8 9 21 0
7 -21 0
-8 -21 0
-9 -21 0
-10 11 12 22 0
10 -22 0
-11 -22 0
-12 -22 0
-13 14 15 23 0
13 -23 0
-14 -23 0
-15 -23 0
-16 17 18 24 0
16 -24 0
-17 -24 0
-18 -24 0
4 -5 6 25 0
5 -25 0
-4 -25 0
-6 -25 0
7 -8 9 26 0
8 -26 0
-7 -26 0
-9 -26 0
10 -11 12 27 0
11 -27 0
-10 -27 0
-12 -27 0
13 -14 15 28 0
14 -28 0
-13 -28 0
-15 -28 0
16 -17 18 29 0
17 -29 0
-16 -29 0
-18 -29 0
-1 -2 3 30 0
2 -30 0
1 -30 0
-3 -30 0
-4 -5 6 31 0
5 -31 0
4 -31 0
-6 -31 0
-7 -8 9 32 0
8 -32 0
7 -32 0
-9 -32 0
-10 -11 12 33 0
11 -33 0
10 -33 0
-12 -33 0
-13 -14 15 34 0
14 -34 0
13 -34 0
-15 -34 0
-16 -17 18 35 0
17 -35 0
16 -35 0
-18 -35 0
1 2 -3 36 0
3 -36 0
-1 -36 0
-2 -36 0
4 5 -6 37 0
6 -37 0
-4 -37 0
-5 -37 0
7 8 -9 38 0
9 -38 0
-7 -38 0
-8 -38 0
10 11 -12 39 0
12 -39 0
-10 -39 0
-11 -39 0
13 14 -15 40 0
15 -40 0
-13 -40 0
-14 -40 0
16 17 -18 41 0
18 -41 0
-16 -41 0
-17 -41 0
-75 77 385 0
75 -77 0
-77 -385 0
-76 78 386 0
76 -78 0
-79 81 388 0
79 -81 0
-81 -388 0
-80 82 389 0
80 -82 0
-82 -389 0
-83 85 391 0
83 -85 0
-85 -391 0
-86 88 394 0
86 -88 0
-88 -394 0
-87 89 395 0
87 -89 0
-90 92 397 0
90 -92 0
-95 97 385 0
95 -97 0
-97 -385 0
-96 98 386 0
96 -98 0
-98 -386 0
-99 101 388 0
99 -101 0
-101 -388 0
-100 102 389 0
100 -102 0
-102 -389 0
-103 105 391 0
103 -105 0
-105 -391 0
-106 108 394 0
106 -108 0
-108 -394 0
-107 109 395 0
107 -109 0
-110 112 397 0
110 -112 0
-114 116 385 0
114 -116 0
-116 -385 0
-115 117 386 0
115 -117 0
-117 -386 0
-118 120 388 0
118 -120 0
-120 -388 0
-121 123 391 0
121 -123 0
-123 -391 0
-124 126 394 0
124 -126 0
-126 -394 0
-125 127 395 0
125 -127 0
-128 130 397 0
128 -130 0
-132 134 386 0
132 -134 0
-134 -386 0
-135 137 388 0
135 -137 0
-137 -388 0
-136 138 389 0
136 -138 0
-139 141 391 0
139 -141 0
-141 -391 0
-140 142 392 0
140 -142 0
-142 -392 0
-143 145 394 0
143 -145 0
-145 -394 0
-144 146 395 0
144 -146 0
-146 -395 0
-147 149 397 0
147 -149 0
-149 -397 0
-151 -382 0
-152 154 385 0
152 -154 0
-154 -385 0
-153 155 386 0
153 -155 0
-156 158 388 0
156 -158 0
-158 -388 0
-159 161 391 0
159 -161 0
-161 -391 0
-160 162 392 0
160 -162 0
-162 -392 0
-163 165 394 0
163 -165 0
-165 -394 0
-166 168 397 0
166 -168 0
-170 -382 0
-171 173 385 0
171 -173 0
-173 -385 0
-172 174 386 0
172 -174 0
-174 -386 0
-175 177 388 0
175 -177 0
-177 -388 0
-178 180 391 0
178 -180 0
-180 -391 0
-179 181 392 0
179 -181 0
-181 -392 0
-182 184 394 0
182 -184 0
-184 -394 0
-183 185 395 0
183 -185 0
-186 188 397 0
186 -188 0
-190 192 385 0
190 -192 0
-192 -385 0
-191 193 386 0
191 -193 0
-193 -386 0
-194 196 388 0
194 -196 0
-196 -388 0
-197 199 391 0
197 -199 0
-199 -391 0
-200 202 394 0
200 -202 0
-202 -394 0
-201 203 395 0
201 -203 0
-203 -395 0
-204 206 397 0
-208 210 386 0
208 -210 0
-210 -386 0
-211 213 388 0
211 -213 0
-213 -388 0
-212 214 389 0
212 -214 0
-214 -389 0
-215 217 391 0
215 -217 0
-217 -391 0
-216 218 392 0
216 -218 0
-218 -392 0
-219 221 394 0
219 -221 0
-221 -394 0
-220 222 395 0
220 -222 0
-223 225 397 0
223 -225 0
-228 230 385 0
228 -230 0
-230 -385 0
-229 231 386 0
229 -231 0
-232 234 388 0
232 -234 0
-234 -388 0
-235 237 391 0
235 -237 0
-237 -391 0
-236 238 392 0
236 -238 0
-238 -392 0
-239 241 394 0
239 -241 0
-241 -394 0
-242 244 397 0
242 -244 0
-244 -397 0
-247 249 385 0
247 -249 0
-249 -385 0
-248 250 386 0
248 -250 0
-250 -386 0
-251 253 388 0
251 -253 0
-253 -388 0
-252 254 389 0
252 -254 0
-254 -389 0
-255 257 391 0
255 -257 0
-257 -391 0
-258 260 394 0
258 -260 0
-260 -394 0
-259 261 395 0
259 -261 0
-262 264 397 0
262 -264 0
-264 -397 0
-266 268 385 0
266 -268 0
-268 -385 0
-267 269 386 0
267 -269 0
-270 272 388 0
270 -272 0
-272 -388 0
-271 273 389 0
271 -273 0
-273 -389 0
-274 276 391 0
274 -276 0
-276 -391 0
-275 277 392 0
275 -277 0
-277 -392 0
-278 280 394 0
278 -280 0
-280 -394 0
-281 283 397 0
-285 287 386 0
285 -287 0
-287 -386 0
-288 290 388 0
288 -290 0
-290 -388 0
-289 291 389 0
289 -291 0
-291 -389 0
-292 294 391 0
292 -294 0
-294 -391 0
-293 295 392 0
293 -295 0
-295 -392 0
-296 298 394 0
296 -298 0
-298 -394 0
-297 299 395 0
297 -299 0
-299 -395 0
-300 302 397 0
300 -302 0
-305 307 385 0
305 -307 0
-307 -385 0
-306 308 386 0
306 -308 0
-308 -386 0
-309 311 388 0
309 -311 0
-311 -388 0
-310 312 389 0
310 -312 0
-312 -389 0
-313 315 391 0
313 -315 0
-315 -391 0
-316 318 394 0
316 -318 0
-318 -394 0
-317 319 395 0
317 -319 0
-319 -395 0
-320 322 397 0
320 -322 0
-325 327 385 0
325 -327 0
-327 -385 0
-326 328 386 0
326 -328 0
-328 -386 0
-329 331 388 0
329 -331 0
-331 -388 0
-332 334 391 0
332 -334 0
-334 -391 0
-333 335 392 0
333 -335 0
-335 -392 0
-336 338 394 0
336 -338 0
-338 -394 0
-337 339 395 0
337 -339 0
-339 -395 0
-340 342 397 0
340 -342 0
-344 346 385 0
344 -346 0
-346 -385 0
-345 347 386 0
345 -347 0
-347 -386 0
-348 350 388 0
348 -350 0
-350 -388 0
-349 351 389 0
349 -351 0
-351 -389 0
-352 354 391 0
352 -354 0
-354 -391 0
-353 355 392 0
353 -355 0
-355 -392 0
-356 358 394 0
356 -358 0
-358 -394 0
-359 361 397 0
359 -361 0
-363 365 386 0
363 -365 0
-365 -386 0
-366 368 388 0
366 -368 0
-368 -388 0
-367 369 389 0
367 -369 0
-369 -389 0
-370 372 391 0
370 -372 0
-372 -391 0
-371 373 392 0
371 -373 0
-374 376 394 0
374 -376 0
-376 -394 0
-375 377 395 0
375 -377 0
-377 -395 0
-378 380 397 0
378 -380 0
-384 -385 0
-387 -388 0
-396 -397 0
-95 -171 -247 -325 424 0
325 -424 0
247 -424 0
171 -424 0
95 -424 0
-99 -175 -251 -329 425 0
329 -425 0
251 -425 0
175 -425 0
99 -425 0
-118 -194 -270 -348 426 0
348 -426 0
270 -426 0
194 -426 0
118 -426 0
-135 -211 -288 -366 427 0
366 -427 0
288 -427 0
211 -427 0
-156 -175 -194 -211 428 0
211 -428 0
194 -428 0
175 -428 0
156 -428 0
-232 -251 -270 -288 429 0
288 -429 0
270 -429 0
251 -429 0
232 -429 0
-309 -329 -348 -366 430 0
366 -430 0
348 -430 0
329 -430 0
-79 -175 -270 -366 431 0
366 -431 0
270 -431 0
175 -431 0
79 -431 0
-103 -178 -255 -332 432 0
332 -432 0
178 -432 0
103 -432 0
-121 -197 -274 -352 433 0
352 -433 0
274 -433 0
197 -433 0
121 -433 0
-139 -215 -292 -370 434 0
370 -434 0
292 -434 0
215 -434 0
139 -434 0
-83 -103 -121 -139 435 0
139 -435 0
121 -435 0
103 -435 0
83 -435 0
-159 -178 -197 -215 436 0
215 -436 0
197 -436 0
178 -436 0
159 -436 0
-313 -332 -352 -370 437 0
370 -437 0
352 -437 0
332 -437 0
-83 -178 -274 -370 438 0
370 -438 0
274 -438 0
178 -438 0
83 -438 0
-106 -182 -258 -336 439 0
336 -439 0
182 -439 0
106 -439 0
-124 -200 -278 -356 440 0
356 -440 0
278 -440 0
200 -440 0
124 -440 0
-143 -219 -296 -374 441 0
374 -441 0
296 -441 0
219 -441 0
143 -441 0
-86 -106 -124 -143 442 0
143 -442 0
124 -442 0
106 -442 0
86 -442 0
-163 -182 -200 -219 443 0
219 -443 0
200 -443 0
182 -443 0
163 -443 0
-316 -336 -356 -374 444 0
374 -444 0
356 -444 0
336 -444 0
-86 -182 -278 -374 445 0
374 -445 0
278 -445 0
182 -445 0
86 -445 0
-90 -166 -242 -320 446 0
320 -446 0
242 -446 0
166 -446 0
90 -446 0
-110 -186 -262 -340 447 0
340 -447 0
262 -447 0
110 -447 0
378 -448 0
300 -448 0
223 -448 0
147 -448 0
-90 -110 -128 -147 449 0
147 -449 0
128 -449 0
110 -449 0
90 -449 0
-242 -262 -281 -300 450 0
300 -450 0
262 -450 0
242 -450 0
-320 -340 -359 -378 451 0
378 -451 0
359 -451 0
340 -451 0
320 -451 0
-147 -204 -262 -320 452 0
320 -452 0
262 -452 0
204 -452 0
147 -452 0
-76 -153 -229 -306 453 0
306 -453 0
229 -453 0
153 -453 0
76 -453 0
-96 -172 -248 -326 454 0
326 -454 0
248 -454 0
172 -454 0
96 -454 0
-80 -157 -233 -310 455 0
310 -455 0
233 -455 0
157 -455 0
80 -455 0
-100 -176 -252 -330 456 0
330 -456 0
252 -456 0
176 -456 0
100 -456 0
-136 -212 -289 -367 457 0
289 -457 0
212 -457 0
136 -457 0
-80 -100 -119 -136 458 0
136 -458 0
119 -458 0
100 -458 0
80 -458 0
-157 -176 -195 -212 459 0
212 -459 0
195 -459 0
176 -459 0
157 -459 0
-233 -252 -271 -289 460 0
289 -460 0
252 -460 0
233 -460 0
-136 -195 -252 -310 461 0
310 -461 0
252 -461 0
195 -461 0
136 -461 0
-84 -160 -236 -314 462 0
236 -462 0
160 -462 0
84 -462 0
-104 -179 -256 -333 463 0
333 -463 0
256 -463 0
179 -463 0
104 -463 0
-122 -198 -275 -353 464 0
353 -464 0
275 -464 0
198 -464 0
122 -464 0
-84 -104 -122 -140 465 0
122 -465 0
104 -465 0
84 -465 0
-160 -179 -198 -216 466 0
216 -466 0
198 -466 0
179 -466 0
160 -466 0
-236 -256 -275 -293 467 0
293 -467 0
275 -467 0
256 -467 0
236 -467 0
-84 -179 -275 -371 468 0
371 -468 0
275 -468 0
179 -468 0
84 -468 0
-87 -164 -240 -317 469 0
317 -469 0
240 -469 0
164 -469 0
87 -469 0
-107 -183 -259 -337 470 0
337 -470 0
259 -470 0
183 -470 0
107 -470 0
-144 -220 -297 -375 471 0
375 -471 0
297 -471 0
220 -471 0
-164 -183 -201 -220 472 0
220 -472 0
183 -472 0
164 -472 0
-240 -259 -279 -297 473 0
297 -473 0
279 -473 0
259 -473 0
240 -473 0
-317 -337 -357 -375 474 0
375 -474 0
357 -474 0
337 -474 0
317 -474 0
-87 -183 -279 -375 475 0
375 -475 0
279 -475 0
183 -475 0
87 -475 0
321 -476 0
243 -476 0
167 -476 0
91 -476 0
-129 -205 -282 -360 477 0
360 -477 0
205 -477 0
129 -477 0
379 -478 0
301 -478 0
224 -478 0
148 -478 0
148 -479 0
129 -479 0
111 -479 0
91 -479 0
-167 -187 -205 -224 480 0
224 -480 0
205 -480 0
167 -480 0
379 -481 0
360 -481 0
341 -481 0
321 -481 0
321 -482 0
263 -482 0
205 -482 0
148 -482 0
377 -483 0
299 -483 0
222 -483 0
203 -484 0
127 -484 0
319 -485 0
89 -485 0
377 -486 0
339 -486 0
319 -486 0
299 -487 0
222 -488 0
203 -488 0
185 -488 0
377 -489 0
185 -489 0
89 -489 0
295 -497 0
218 -497 0
142 -497 0
355 -498 0
277 -498 0
335 -499 0
181 -499 0
295 -500 0
277 -500 0
238 -500 0
218 -501 0
181 -501 0
162 -501 0
142 -502 0
142 -503 0
369 -511 0
291 -511 0
214 -511 0
254 -512 0
102 -512 0
312 -513 0
82 -513 0
369 -514 0
351 -514 0
312 -514 0
291 -515 0
273 -515 0
254 -515 0
214 -516 0
369 -517 0
273 -517 0
82 -517 0
210 -525 0
134 -525 0
328 -526 0
250 -526 0
174 -526 0
98 -526 0
365 -527 0
347 -527 0
328 -527 0
287 -528 0
250 -528 0
210 -529 0
193 -529 0
174 -529 0
134 -530 0
117 -530 0
98 -530 0
365 -531 0
193 -532 0
134 -532 0
401 -424 0
402 -425 0
402 -426 0
402 -427 0
402 -428 0
402 -429 0
402 -430 0
402 -431 0
403 -432 0
403 -433 0
403 -434 0
403 -435 0
403 -436 0
403 -437 0
403 -438 0
404 -439 0
404 -440 0
404 -441 0
404 -442 0
404 -443 0
404 -444 0
404 -445 0
405 -446 0
405 -447 0
405 -449 0
405 -450 0
405 -451 0
405 -452 0
406 -453 0
406 -454 0
407 -455 0
407 -456 0
407 -457 0
407 -458 0
407 -459 0
407 -460 0
407 -461 0
408 -462 0
408 -463 0
408 -464 0
408 -465 0
408 -466 0
408 -467 0
408 -468 0
409 -469 0
409 -470 0
409 -471 0
409 -472 0
409 -473 0
409 -474 0
409 -475 0
410 -477 0
410 -480 0
-47 -48 0
-47 -49 0
-47 -50 0
-48 -49 0
-48 -50 0
-49 -50 0
-113 -114 0
20 -114 0
20 131 0
131 -383 0
113 131 0
53 -132 0
131 133 385 0
-131 -133 0
51 -169 0
51 -189 0
-189 -190 0
25 -190 0
25 207 0
207 -383 0
189 207 0
54 -208 0
207 209 385 0
-207 -209 0
52 -245 0
52 -265 0
-265 -266 0
31 -266 0
31 284 0
284 -383 0
265 284 0
55 -285 0
284 286 385 0
-284 -286 0
-343 -344 0
37 -344 0
37 362 0
362 -383 0
343 362 0
56 -363 0
362 364 385 0
-362 -364 0
-418 42 0
-419 43 0
-420 44 0
-421 45 0
-382 383 0
-42 385 0
-385 386 0
-43 388 0
-386 388 0
-388 389 0
-44 391 0
-391 392 0
-45 394 0
-394 395 0
-46 397 0
-395 397 0
-42 419 0
-43 420 0
-44 421 0
-113 -20 -131 383 0
-189 -25 -207 383 0
-265 -31 -284 383 0
-343 -37 -362 383 0
381 382 0
44 389 -391 415 0
45 392 -394 413 0
46 395 -397 411 0
388 420 -389 407 0
47 48 49 50 0
43 386 -388 417 0
385 419 -386 406 0
394 422 -395 409 0
391 421 -392 408 0
61 62 63 64 391 0
65 66 67 68 394 0
57 58 59 60 388 0
53 54 55 56 385 0
397 -405 0
394 -404 0
391 -403 0
385 -401 0
388 -402 0
-56 362 0
-54 207 0
-55 284 0
-53 131 0
69 70 71 72 397 0
386 -406 0
389 -407 0
392 -408 0
395 -409 0
-261 263 397 0
-335 337 394 0
-102 104 391 0
-260 262 395 0
-203 205 397 0
-98 100 388 0
-295 297 394 0
-249 251 386 0
-251 -386 0
-253 255 389 0
-255 -389 0
-94 95 383 0
-95 -383 0
-214 216 391 0
-12 44 -389 0
-218 220 394 0
-81 83 389 0
-83 -389 0
-11 44 -389 0
-221 223 395 0
-223 -395 0
-82 84 391 0
-85 86 392 0
-86 -392 0
-213 215 389 0
-215 -389 0
-89 91 397 0
-241 242 395 0
-210 212 388 0
-8 43 -386 0
-7 43 -386 0
-347 349 388 0
-268 270 386 0
-270 -386 0
-280 281 395 0
-196 197 389 0
-197 -389 0
-192 194 386 0
-194 -386 0
-5 42 -383 0
-4 42 -383 0
-184 186 395 0
-186 -395 0
-177 178 389 0
-178 -389 0
-165 166 395 0
-162 164 394 0
-174 176 388 0
-173 175 386 0
-175 -386 0
-158 159 389 0
-159 -389 0
-373 375 394 0
-368 370 389 0
-370 -389 0
-369 371 391 0
-365 367 388 0
-154 156 386 0
-156 -386 0
-108 110 395 0
-110 -395 0
-151 152 383 0
-272 274 389 0
-274 -389 0
-269 271 388 0
-254 256 391 0
-273 275 391 0
-276 278 392 0
-278 -392 0
-358 359 395 0
-359 -395 0
-355 357 394 0
-354 356 392 0
-356 -392 0
-277 279 394 0
-346 348 386 0
-348 -386 0
-350 352 389 0
-352 -389 0
-376 378 395 0
-378 -395 0
-145 147 395 0
-338 340 395 0
-340 -395 0
-141 143 392 0
-143 -392 0
-331 332 389 0
-332 -389 0
-334 336 392 0
-336 -392 0
-328 330 388 0
-246 247 383 0
-247 -383 0
-287 289 388 0
-286 288 386 0
-288 -386 0
-116 118 386 0
-118 -386 0
-290 292 389 0
-292 -389 0
-324 325 383 0
-325 -383 0
-117 119 388 0
-318 320 395 0
-320 -395 0
-294 296 392 0
-296 -392 0
-315 316 392 0
-316 -392 0
-311 313 389 0
-313 -389 0
-161 163 392 0
-163 -392 0
-126 128 395 0
-128 -395 0
-304 305 383 0
-123 124 392 0
-124 -392 0
-127 129 397 0
-120 121 389 0
-121 -389 0
-298 300 395 0
-300 -395 0
-307 309 386 0
-133 135 386 0
-327 329 386 0
-329 -386 0
-339 341 397 0
-170 171 383 0
-171 -383 0
-180 182 392 0
-182 -392 0
-351 353 391 0
-137 139 389 0
-139 -389 0
-364 366 386 0
-366 -386 0
-372 374 392 0
-374 -392 0
-57 -134 0
-57 -135 0
-59 -287 0
-59 -288 0
-60 -365 0
-60 -366 0
-58 -210 0
-58 -211 0
-10 44 -389 0
-88 90 395 0
-90 -395 0
-227 228 383 0
-217 219 392 0
-219 -392 0
-78 80 388 0
-237 239 392 0
-74 75 383 0
-75 -383 0
-209 211 386 0
-211 -386 0
-109 111 397 0
-9 43 -386 0
-101 103 389 0
-103 -389 0
-199 200 392 0
-200 -392 0
-97 99 386 0
-99 -386 0
-181 183 394 0
-193 195 388 0
-6 42 -383 0
-185 187 397 0
-105 106 392 0
-106 -392 0
-202 204 395 0
-257 258 392 0
-250 252 388 0
-63 -291 0
-63 -292 0
-64 -369 0
-64 -370 0
-61 -138 0
-61 -139 0
-62 -214 0
-62 -215 0
-77 79 386 0
-79 -386 0
-69 -146 0
-69 -147 0
-70 -222 0
-70 -223 0
-72 -377 0
-72 -378 0
-71 -299 0
-71 -300 0
-234 235 389 0
-235 -389 0
-230 232 386 0
-232 -386 0
-65 -142 0
-65 -143 0
-67 -295 0
-67 -296 0
-68 -373 0
-68 -374 0
-66 -218 0
-66 -219 0
-231 233 388 0
59 231 -233 0
-233 -388 0
58 210 -212 0
-212 -388 0
88 24 -90 0
61 82 -84 0
-84 -391 0
234 33 -235 0
-87 -394 0
77 21 -79 0
161 28 -163 0
311 39 -313 0
-291 293 391 0
63 291 -293 0
-293 -391 0
66 218 -220 0
-220 -394 0
165 29 -166 0
66 162 -164 0
-164 -394 0
154 26 -156 0
68 373 -375 0
-375 -394 0
60 365 -367 0
-367 -388 0
151 25 -152 0
64 369 -371 0
-371 -391 0
-308 310 388 0
60 308 -310 0
-310 -388 0
-377 379 397 0
72 377 -379 0
-142 144 394 0
65 142 -144 0
-144 -394 0
-138 140 391 0
61 138 -140 0
-140 -391 0
-134 136 388 0
57 134 -136 0
-136 -388 0
-317 -394 0
59 287 -289 0
-289 -388 0
-319 321 397 0
72 319 -321 0
-321 -397 0
318 41 -320 0
315 40 -316 0
-312 314 391 0
64 312 -314 0
-314 -391 0
227 31 -228 0
69 89 -91 0
307 38 -309 0
-303 -382 0
304 37 -305 0
67 295 -297 0
-297 -394 0
-306 -385 0
-299 301 397 0
71 299 -301 0
-301 -397 0
-160 -391 0
-146 148 397 0
69 146 -148 0
-148 -397 0
-150 -382 0
158 27 -159 0
-155 157 388 0
58 155 -157 0
-157 -388 0
57 78 -80 0
-80 -388 0
-153 -385 0
-222 224 397 0
70 222 -224 0
-224 -397 0
85 23 -86 0
241 35 -242 0
230 32 -232 0
62 214 -216 0
-216 -391 0
-236 -391 0
-226 -382 0
-73 -382 0
74 20 -75 0
-243 -397 0
-76 -385 0
-238 240 394 0
67 238 -240 0
-240 -394 0
237 34 -239 0
-229 -385 0
81 22 -83 0
-333 -391 0
126 24 -128 0
238 373 -413 498 499 501 502 503 0
162 373 -413 498 499 500 502 503 0
-125 -201 -279 -357 409 0
-282 -397 0
138 351 -415 512 513 515 516 517 0
138 273 -415 512 513 514 516 0
-198 -391 0
-62 -197 216 0
376 41 -378 0
133 21 -135 0
60 347 -349 0
-349 -388 0
60 328 -330 0
-330 -388 0
137 22 -139 0
-115 -191 -267 -345 406 0
328 329 347 -349 0
328 -329 -330 0
-310 -330 -349 -367 407 0
338 41 -340 0
192 26 -194 0
209 26 -211 0
145 24 -147 0
246 31 -247 0
57 98 -100 0
-100 -388 0
101 22 -103 0
221 29 -223 0
80 -22 83 389 0
-80 81 -83 0
81 101 -83 -103 0
-55 -56 0
-53 -56 0
-53 -55 0
-53 -54 0
-54 -55 0
-54 -56 0
109 319 -411 483 484 487 488 489 0
127 261 -411 483 485 486 488 489 0
109 261 -411 483 484 485 486 488 489 0
89 261 -411 483 484 486 488 0
109 203 -411 483 485 486 487 489 0
63 254 -256 0
-256 -391 0
97 21 -99 0
202 29 -204 0
70 203 -205 0
-267 -385 0
191 192 209 -211 0
-191 192 -194 0
358 41 -359 0
337 338 358 -359 0
-337 338 -340 0
59 250 -252 0
-252 -388 0
-239 -258 -278 -296 404 0
-166 -186 -204 -223 405 0
-191 -385 0
180 28 -182 0
-235 -255 -274 -292 403 0
-79 -99 -118 -135 402 0
-179 -391 0
170 25 -171 0
-172 -385 0
280 35 -281 0
368 39 -370 0
160 -28 163 392 0
-160 161 -163 0
161 180 -163 -182 0
213 27 -215 0
364 38 -366 0
59 269 -271 0
-271 -388 0
69 109 -111 0
-111 -397 0
276 34 -278 0
64 351 -353 0
-353 -391 0
67 277 -279 0
-279 -394 0
346 38 -348 0
345 346 364 -366 0
-345 346 -348 0
277 278 295 -297 0
-67 -277 297 0
-67 -278 297 0
277 -279 295 -297 0
-345 -385 0
141 23 -143 0
327 38 -329 0
331 39 -332 0
286 32 -288 0
-115 -385 0
116 21 -118 0
120 22 -121 0
115 116 133 -135 0
-115 116 -118 0
310 -39 313 389 0
-310 311 -313 0
311 331 -313 -332 0
123 23 -124 0
-122 -391 0
-60 308 309 310 0
308 -309 -310 0
308 -310 328 -330 0
-60 -308 328 329 330 0
-60 310 328 329 330 0
306 -38 309 386 0
-306 307 -309 0
307 327 -309 -329 0
-125 -394 0
298 35 -300 0
184 29 -186 0
-64 312 313 314 0
312 -313 -314 0
122 123 141 -143 0
-122 123 -124 0
57 117 -119 0
-119 -388 0
290 33 -292 0
69 127 -129 0
324 37 -325 0
350 39 -352 0
250 251 269 -271 0
250 -251 -252 0
127 128 146 -148 0
-69 -127 148 0
-69 -128 148 0
127 -129 146 -148 0
354 40 -356 0
68 355 -357 0
-357 -394 0
-56 -344 363 0
355 356 373 -375 0
-68 -355 375 0
-68 -356 375 0
355 -357 373 -375 0
68 335 -337 0
-337 -394 0
334 40 -336 0
372 40 -374 0
303 -37 305 383 0
-303 304 -305 0
304 324 -305 -325 0
-54 -190 208 0
63 273 -275 0
-275 -391 0
217 28 -219 0
173 26 -175 0
153 -26 156 386 0
-153 154 -156 0
154 173 -156 -175 0
177 27 -178 0
157 -27 159 389 0
-157 158 -159 0
158 177 -159 -178 0
58 174 -176 0
-176 -388 0
66 181 -183 0
-183 -394 0
-66 162 163 164 0
162 -163 -164 0
162 -164 181 -183 0
-69 -70 0
-69 -72 0
-71 -72 0
-69 -71 0
-70 -72 0
-70 -71 0
-326 -385 0
-56 -325 345 363 0
-58 155 156 157 0
155 -156 -157 0
155 -157 174 -176 0
58 193 -195 0
-195 -388 0
196 27 -197 0
195 196 213 -215 0
-195 196 -197 0
-71 -281 301 0
314 -40 316 392 0
-314 315 -316 0
315 334 -316 -336 0
317 -41 320 395 0
-317 318 -320 0
318 338 -320 -340 0
-318 337 -41 340 395 0
337 -41 320 340 395 0
164 -29 166 395 0
-164 165 -166 0
165 184 -166 -186 0
109 110 127 -129 0
109 -110 -111 0
-69 -109 129 148 0
-69 -110 129 148 0
-63 -64 0
-61 -62 0
-62 -64 0
-61 -64 0
-61 -63 0
-62 -63 0
268 32 -270 0
108 24 -110 0
-51 -52 0
260 35 -262 0
199 28 -200 0
201 202 221 -223 0
-201 202 -204 0
253 33 -255 0
193 194 210 -212 0
-58 -193 212 0
-58 -194 212 0
193 -195 210 -212 0
-259 -394 0
240 -35 242 395 0
-240 241 -242 0
241 260 -242 -262 0
198 199 217 -219 0
-198 199 -200 0
254 255 273 -275 0
254 -255 -256 0
96 97 116 -118 0
-96 97 -99 0
-96 115 -21 118 386 0
-97 115 -21 118 386 0
245 246 -266 0
-246 265 -31 266 383 0
-245 246 -247 0
61 102 -104 0
-104 -391 0
117 118 134 -136 0
-57 -117 136 0
-57 -118 136 0
117 -119 134 -136 0
353 354 372 -374 0
-353 354 -356 0
335 336 355 -357 0
-68 -335 357 375 0
-68 -336 357 375 0
335 -336 -337 0
-61 -121 140 0
-65 -124 144 0
98 99 117 -119 0
98 -99 -100 0
-57 -98 119 136 0
-57 -99 119 136 0
-201 -394 0
-68 317 335 336 337 0
-66 -200 220 0
-53 -114 132 0
267 268 286 -288 0
-267 268 -270 0
102 -103 -104 0
-61 -102 122 140 0
-61 -103 122 140 0
105 23 -106 0
107 108 126 -128 0
-107 108 -110 0
-67 -258 279 297 0
-69 89 90 91 0
89 -90 -91 0
89 -91 109 -111 0
-69 -89 109 110 111 0
-69 91 109 110 111 0
-66 -68 0
-65 -68 0
-65 -67 0
-66 -67 0
-65 -66 0
-67 -68 0
169 170 -190 0
-170 189 -25 190 383 0
-169 170 -171 0
-72 -359 379 0
279 280 298 -300 0
-279 280 -281 0
349 350 368 -370 0
-349 350 -352 0
-59 -60 0
-57 -59 0
-57 -58 0
-58 -60 0
-58 -59 0
-57 -60 0
72 339 -341 0
-341 -397 0
70 185 -187 0
-187 -397 0
150 -25 152 383 0
-150 151 -152 0
151 170 -152 -171 0
-151 189 -25 171 190 383 0
189 -25 152 171 190 383 0
-72 319 320 321 0
319 -320 -321 0
319 -321 339 -341 0
71 261 -263 0
-263 -397 0
-59 231 232 233 0
231 -232 -233 0
231 -233 250 -252 0
-59 -231 250 251 252 0
-59 233 250 251 252 0
203 204 222 -224 0
-70 -203 224 0
-70 -204 224 0
203 -205 222 -224 0
-107 -394 0
-248 -385 0
-55 -266 285 0
-96 -385 0
-63 236 254 255 256 0
257 34 -258 0
76 -21 79 386 0
-76 77 -79 0
77 97 -79 -99 0
-77 96 -21 99 386 0
96 -21 79 99 386 0
256 257 276 -278 0
-256 257 -258 0
294 34 -296 0
249 32 -251 0
94 20 -95 0
248 249 268 -270 0
-248 267 -32 270 386 0
-249 267 -32 270 386 0
-248 249 -251 0
73 -20 75 383 0
-73 74 -75 0
74 94 -75 -95 0
-57 78 79 80 0
78 -79 -80 0
78 -80 98 -100 0
-57 -78 98 99 100 0
-57 80 98 99 100 0
-61 82 83 84 0
82 -83 -84 0
82 -84 102 -104 0
-61 -82 102 103 104 0
-61 84 102 103 104 0
-67 238 239 240 0
238 -239 -240 0
236 -34 239 392 0
-236 237 -239 0
237 257 -239 -258 0
-237 256 -34 258 392 0
256 -34 239 258 392 0
233 -33 235 389 0
-233 234 -235 0
234 253 -235 -255 0
229 -32 232 386 0
-229 230 -232 0
230 249 -232 -251 0
-230 248 -32 251 386 0
248 -32 232 251 386 0
226 -31 228 383 0
-226 227 -228 0
227 246 -228 -247 0
-227 265 -31 247 266 383 0
265 -31 228 247 266 383 0
84 -23 86 392 0
-84 85 -86 0
85 105 -86 -106 0
87 -24 90 395 0
-87 88 -90 0
88 108 -90 -110 0
-88 107 -24 110 395 0
107 -24 90 110 395 0
272 33 -274 0
119 120 137 -139 0
-119 120 -121 0
271 272 290 -292 0
-271 272 -274 0
-33 44 400 0
308 347 -417 525 526 528 529 530 531 0
269 308 -417 525 526 529 530 0
231 269 -417 525 526 527 529 530 532 0
117 231 -417 525 526 527 529 531 532 0
155 269 -417 525 526 527 530 532 0
155 193 -417 525 526 527 528 530 531 0
78 269 -417 525 526 527 529 532 0
78 117 -417 525 526 527 528 529 532 0
-161 179 -28 182 392 0
179 -28 163 182 392 0
179 180 199 -200 0
-179 180 -182 0
-179 198 -28 200 392 0
-180 198 -28 200 392 0
36 -304 0
-50 -304 0
50 -36 304 382 0
30 -227 0
-49 -227 0
49 -30 227 382 0
-52 226 227 0
-49 226 382 0
49 52 -226 0
49 -226 -245 0
-29 46 399 0
326 327 346 -348 0
-307 326 -38 329 386 0
326 -38 309 329 386 0
-326 345 -38 348 386 0
-327 345 -38 348 386 0
-326 327 -329 0
-48 -151 0
-51 150 151 0
347 348 365 -367 0
-60 -347 367 0
-60 -348 367 0
-60 -328 349 367 0
-60 -329 349 367 0
347 -349 365 -367 0
-48 150 382 0
48 51 -150 0
48 -150 -169 0
357 358 376 -378 0
-337 357 -41 359 395 0
-338 357 -41 359 395 0
-357 358 -359 0
-357 375 -41 378 395 0
-358 375 -41 378 395 0
-311 330 -39 332 389 0
330 -39 313 332 389 0
330 331 350 -352 0
-330 331 -332 0
-330 349 -39 352 389 0
-331 349 -39 352 389 0
351 352 369 -371 0
-64 -351 371 0
-64 -352 371 0
-64 -332 353 371 0
351 -353 369 -371 0
269 270 287 -289 0
-59 -269 289 0
-59 -270 289 0
-59 -250 271 289 0
-59 -251 271 289 0
269 -271 287 -289 0
-72 -319 339 340 341 0
-72 321 339 340 341 0
-72 -339 360 379 0
-72 -340 360 379 0
339 -340 -341 0
-234 252 -33 255 389 0
252 -33 235 255 389 0
252 253 272 -274 0
-252 253 -255 0
-252 271 -33 274 389 0
-253 271 -33 274 389 0
-256 275 -34 278 392 0
-257 275 -34 278 392 0
275 276 294 -296 0
-275 276 -278 0
-275 293 -34 296 392 0
-276 293 -34 296 392 0
-54 -171 191 208 0
-62 -178 198 216 0
172 173 192 -194 0
-154 172 -26 175 386 0
172 -26 156 175 386 0
-172 191 -26 194 386 0
-173 191 -26 194 386 0
-172 173 -175 0
-158 176 -27 178 389 0
176 -27 159 178 389 0
176 177 196 -197 0
-176 177 -178 0
-176 195 -27 197 389 0
-177 195 -27 197 389 0
-66 -162 181 182 183 0
-66 164 181 182 183 0
181 -182 -183 0
-66 -181 201 220 0
-66 -182 201 220 0
-58 -155 174 175 176 0
-58 157 174 175 176 0
174 175 193 -195 0
174 -175 -176 0
-58 -174 195 212 0
-58 -175 195 212 0
273 274 291 -293 0
-63 -273 293 0
-63 -274 293 0
-63 -254 275 293 0
-63 -255 275 293 0
273 -275 291 -293 0
323 324 -344 0
-324 343 -37 344 383 0
-304 343 -37 325 344 383 0
343 -37 305 325 344 383 0
-323 324 -325 0
333 334 354 -356 0
-315 333 -40 336 392 0
333 -40 316 336 392 0
-333 334 -336 0
-333 353 -40 356 392 0
-334 353 -40 356 392 0
183 184 202 -204 0
-165 183 -29 186 395 0
183 -29 166 186 395 0
-183 184 -186 0
-183 201 -29 204 395 0
-184 201 -29 204 395 0
259 260 280 -281 0
-241 259 -35 262 395 0
259 -35 242 262 395 0
-259 260 -262 0
-259 279 -35 281 395 0
-260 279 -35 281 395 0
-53 -95 115 132 0
-50 303 382 0
50 -303 -323 0
185 186 203 -205 0
-70 167 185 186 187 0
185 -186 -187 0
-70 -185 205 224 0
-70 -186 205 224 0
-71 243 261 262 263 0
-71 -261 282 301 0
-71 -262 282 301 0
261 -262 -263 0
125 126 145 -147 0
-107 125 -24 128 395 0
-108 125 -24 128 395 0
-125 126 -128 0
-125 144 -24 147 395 0
-126 144 -24 147 395 0
-65 -106 125 144 0
-55 -247 267 285 0
-81 100 -22 103 389 0
100 -22 83 103 389 0
100 101 120 -121 0
-100 101 -103 0
-100 119 -22 121 389 0
-101 119 -22 121 389 0
19 -74 0
-47 -74 0
47 -19 -73 0
93 94 -114 0
-94 113 -20 114 383 0
-74 113 -20 95 114 383 0
113 -20 75 95 114 383 0
-93 94 -95 0
-47 73 382 0
47 -73 -93 0
104 105 123 -124 0
-85 104 -23 106 392 0
104 -23 86 106 392 0
-104 122 -23 124 392 0
-105 122 -23 124 392 0
-104 105 -106 0
-144 -201 -259 -317 409 0
144 357 -409 469 470 472 473 475 0
144 279 -409 469 470 472 474 0
125 317 -409 470 471 472 473 475 0
125 259 -409 469 471 472 474 475 0
125 144 -409 469 470 472 473 474 475 0
-83 -159 -235 -313 403 0
292 313 -403 432 433 435 436 438 0
274 313 -403 432 434 435 436 0
255 313 -403 433 434 435 436 438 0
159 255 -403 433 434 435 437 438 0
83 255 -403 433 434 436 437 0
238 277 355 -413 497 499 501 502 503 0
238 277 335 -413 497 501 502 503 0
181 238 355 -413 497 502 503 0
181 238 335 -413 497 498 502 503 0
162 277 355 -413 497 499 502 503 0
162 277 335 -413 497 502 503 0
162 181 355 -413 497 500 502 503 0
162 181 335 -413 497 498 500 502 503 0
146 339 -411 484 485 487 488 489 0
146 261 -411 484 485 486 488 489 0
146 185 -411 484 485 486 487 0
109 146 -411 484 485 486 487 488 489 0
127 319 339 -411 483 487 488 489 0
127 185 319 -411 483 487 0
89 319 339 -411 483 484 487 488 0
89 185 319 -411 483 484 487 0
127 203 339 -411 483 485 487 489 0
127 185 203 -411 483 485 486 487 0
89 203 339 -411 483 487 0
89 185 203 -411 483 486 487 0
-314 -333 -353 -371 408 0
293 314 -408 463 464 465 466 468 0
216 314 -408 463 464 465 467 468 0
140 353 -408 462 463 466 467 468 0
140 333 -408 462 464 466 467 468 0
140 314 -408 463 464 466 467 468 0
-80 -176 -271 -367 407 0
271 349 -407 455 456 457 458 459 461 0
176 349 -407 455 457 458 460 461 0
80 349 -407 456 457 459 460 461 0
271 330 -407 455 457 458 459 461 0
271 310 -407 456 457 458 459 0
-90 -186 -281 -378 405 0
223 281 -405 446 447 449 451 452 0
204 281 -405 446 447 448 449 451 0
166 281 -405 447 448 449 451 452 0
-75 -152 -228 -305 401 0
114 190 -207 266 305 344 -401 424 0
114 190 -207 228 266 344 -401 424 0
114 152 190 -207 266 344 -401 424 0
75 114 190 -207 266 344 -401 424 0
-131 190 -284 305 -362 -401 424 0
-131 152 190 -284 -362 -401 424 0
75 -131 190 -284 -362 -401 424 0
114 -131 -207 228 -284 -362 -401 424 0
-79 -156 -232 -309 402 0
135 309 -402 425 426 428 429 431 0
135 232 -402 425 426 428 430 431 0
135 156 -402 425 426 429 430 431 0
118 309 -402 425 427 428 429 431 0
99 309 -402 426 427 428 429 431 0
102 312 351 -415 511 515 516 517 0
82 312 351 -415 511 512 515 516 0
102 254 351 -415 511 513 516 517 0
82 254 351 -415 511 516 0
102 273 312 -415 511 516 0
82 273 312 -415 511 512 516 0
102 254 273 -415 511 513 514 516 0
82 254 273 -415 511 514 516 0
-23 45 398 0
-73 -150 -226 -303 383 0
-60 387 0
43 -60 -420 0
-58 387 0
43 -58 -420 0
-57 387 0
43 -57 -420 0
-59 387 0
43 -59 -420 0
140 141 -390 398 0
-140 -398 0
-141 -398 0
-122 -23 143 392 -398 0
-123 -23 143 392 -398 0
141 -390 -143 398 0
282 341 -410 476 478 479 480 482 0
263 379 -410 476 477 479 480 0
263 282 -410 476 478 479 480 481 0
91 263 -410 477 478 480 481 0
111 282 -410 476 478 480 481 482 0
-86 -163 -239 -316 404 0
296 316 -404 439 440 442 443 445 0
278 316 -404 439 441 442 443 0
258 316 -404 440 441 442 443 445 0
163 258 -404 440 441 442 444 445 0
86 258 -404 440 441 443 444 0
-64 -389 0
-64 390 0
44 -64 -421 0
387 -61 0
-61 390 0
44 -61 -421 0
-62 390 0
44 -62 -421 0
-63 390 0
44 -63 -421 0
289 290 -387 400 0
-289 -400 0
-290 -400 0
-271 -33 292 389 -400 0
-272 -33 292 389 -400 0
290 -387 -292 400 0
-72 396 0
46 -72 -423 0
-69 396 0
46 -69 -423 0
-70 396 0
46 -70 -423 0
-71 396 0
46 -71 -423 0
-67 -392 0
-67 393 0
45 -67 -422 0
-68 393 0
45 -68 -422 0
-66 -392 0
-66 393 0
45 -66 -422 0
-65 393 0
45 -65 -422 0
220 221 -393 399 0
-220 -399 0
-221 -399 0
-201 -29 223 395 -399 0
-202 -29 223 395 -399 0
221 -393 -223 399 0
20 25 31 37 42 383 0
-381 -20 -42 383 0
-381 -25 -42 383 0
-381 -31 -42 383 0
-381 -37 -42 383 0
-150 153 385 0
150 54 -153 0
-54 152 153 0
150 -152 -153 0
22 27 -33 -44 389 -400 0
22 27 33 39 44 389 0
-226 229 385 0
226 55 -229 0
-55 228 229 0
226 -228 -229 0
-212 -27 44 0
-213 -27 44 0
-195 212 -387 -27 215 389 0
-196 212 -387 -27 215 389 0
212 213 -387 22 -27 33 -44 389 0
213 -387 22 33 -44 -215 0
-383 -384 0
-56 384 0
42 -56 -419 0
-54 384 0
42 -54 -419 0
-55 384 0
42 -55 -419 0
-53 384 0
42 -53 -419 0
-265 267 385 0
-265 -55 285 383 0
265 55 -267 0
266 267 -285 385 0
265 -267 -285 0
-343 345 385 0
-343 -56 363 383 0
343 56 -345 0
344 345 -363 385 0
343 -345 -363 0
-73 76 385 0
73 53 -76 0
-53 75 76 0
73 -75 -76 0
-189 191 385 0
-189 -54 208 383 0
189 54 -191 0
190 191 -208 385 0
189 -191 -208 0
-303 306 385 0
303 56 -306 0
-56 305 306 0
303 -305 -306 0
19 -94 0
47 -94 0
94 -113 382 0
-47 -19 94 382 0
-52 -93 0
-51 -93 0
73 74 -93 0
-52 -113 0
-51 -113 0
73 74 -113 0
47 -52 -73 0
47 -51 -73 0
-233 236 391 0
-233 -63 254 255 256 0
233 -513 0
233 -515 0
233 63 -236 0
-236 -389 0
-63 235 236 0
233 -235 -236 0
233 -236 254 -256 0
-87 -107 -125 -144 409 0
144 201 -409 469 470 473 474 475 0
125 201 -409 469 470 471 473 474 475 0
107 201 -409 469 471 473 474 475 0
87 201 -409 470 471 473 474 0
107 317 357 -409 471 472 473 475 0
87 317 357 -409 470 471 472 473 0
107 259 357 -409 469 471 472 475 0
87 259 357 -409 471 472 0
107 279 317 -409 471 472 0
87 279 317 -409 470 471 472 0
107 259 279 -409 469 471 472 474 0
87 259 279 -409 471 472 474 0
-122 125 394 0
-122 -65 144 0
122 -498 0
122 -502 0
122 65 -125 0
124 125 142 -144 0
122 -125 142 -144 0
-139 -197 -255 -313 403 0
235 313 -403 432 433 434 435 436 438 0
235 255 -403 433 434 435 436 437 438 0
197 235 -403 432 434 435 437 438 0
139 235 -403 432 433 436 437 438 0
159 197 292 -403 432 435 437 438 0
139 159 292 -403 432 433 437 438 0
83 197 292 -403 432 437 0
83 139 292 -403 432 433 436 437 0
159 197 274 -403 432 434 435 437 0
139 159 274 -403 432 437 0
83 197 274 -403 432 434 437 0
83 139 274 -403 432 436 437 0
-1 -151 0
-3 -151 0
48 19 30 36 151 382 0
-164 167 397 0
-164 -70 185 186 187 0
164 -485 0
164 -488 0
164 70 -167 0
-70 166 167 0
164 -166 -167 0
164 -167 185 -187 0
-357 360 397 0
-357 -72 379 0
357 -484 0
357 -486 0
357 72 -360 0
359 360 377 -379 0
357 -360 377 -379 0
-72 339 340 -360 379 0
-240 243 397 0
-240 -71 261 262 263 0
240 -485 0
240 -487 0
240 71 -243 0
-71 242 243 0
240 -242 -243 0
240 -243 261 -263 0
36 -324 0
50 -324 0
324 -343 382 0
-50 -36 324 382 0
-157 160 391 0
157 -513 0
157 -516 0
157 62 -160 0
-160 -389 0
-62 159 160 0
157 -159 -160 0
-135 -194 -251 -309 402 0
79 309 -402 425 426 427 428 429 0
79 251 -402 426 427 428 430 0
79 194 -402 425 427 429 430 0
79 135 -402 425 426 428 429 430 0
118 232 251 -402 427 428 430 431 0
118 194 232 -402 425 427 430 431 0
118 156 251 -402 427 430 431 0
118 156 194 -402 425 427 429 430 431 0
99 232 251 -402 426 427 428 430 431 0
99 194 232 -402 427 430 431 0
99 156 251 -402 426 427 430 431 0
99 156 194 -402 427 429 430 431 0
-367 -39 44 0
-368 -39 44 0
-349 367 -387 -39 370 389 0
-350 367 -387 -39 370 389 0
367 368 -387 -39 -44 389 0
368 -387 -44 -370 0
-140 -198 -256 -314 408 0
314 371 -408 463 464 465 466 467 0
256 371 -408 462 464 465 466 0
198 371 -408 462 463 465 467 0
140 371 -408 462 463 464 466 467 0
256 293 353 -408 462 465 466 468 0
198 293 353 -408 462 463 465 468 0
256 293 333 -408 462 464 465 466 468 0
198 293 333 -408 462 465 468 0
216 256 353 -408 462 465 468 0
198 216 353 -408 462 463 465 467 468 0
216 256 333 -408 462 464 465 468 0
198 216 333 -408 462 465 467 468 0
187 301 -410 476 477 479 481 482 0
187 282 -410 476 478 479 481 482 0
187 263 -410 476 477 478 479 481 0
187 243 -410 477 478 479 481 482 0
301 341 379 -410 476 477 479 480 482 0
243 341 379 -410 477 479 480 482 0
91 301 341 -410 477 480 482 0
91 243 341 -410 477 478 480 482 0
111 301 379 -410 476 477 480 482 0
111 243 379 -410 477 480 482 0
91 111 301 -410 477 480 481 482 0
91 111 243 -410 477 478 480 481 482 0
-143 -200 -258 -316 404 0
239 316 -404 439 440 441 442 443 445 0
239 258 -404 440 441 442 443 444 445 0
200 239 -404 439 441 442 444 445 0
143 239 -404 439 440 443 444 445 0
163 200 296 -404 439 442 444 445 0
143 163 296 -404 439 440 444 445 0
86 200 296 -404 439 444 0
86 143 296 -404 439 440 443 444 0
163 200 278 -404 439 441 442 444 0
143 163 278 -404 439 444 0
86 200 278 -404 439 441 444 0
86 143 278 -404 439 443 444 0
-128 -204 -281 -359 405 0
186 359 -405 446 448 449 450 452 0
186 281 -405 446 448 449 451 452 0
186 204 -405 446 448 449 450 451 0
128 186 -405 446 448 450 451 452 0
-119 -195 -271 -349 407 0
349 367 -407 455 456 458 459 460 461 0
271 367 -407 455 456 458 459 461 0
195 367 -407 455 456 458 460 0
119 367 -407 455 456 459 460 461 0
176 195 330 -407 455 457 458 460 0
119 176 330 -407 455 457 460 461 0
80 195 330 -407 457 460 0
80 119 330 -407 457 459 460 461 0
176 195 310 -407 457 458 460 0
119 176 310 -407 457 460 0
80 195 310 -407 456 457 460 0
80 119 310 -407 456 457 459 460 0
30 -246 0
49 -246 0
246 -265 382 0
-49 -30 246 382 0
-323 326 385 0
-323 -56 345 363 383 0
323 56 -326 0
323 -325 -326 0
-56 306 325 326 0
323 -56 325 -345 363 0
-303 -56 325 326 383 0
303 323 -306 -326 0
-245 248 385 0
-245 -55 267 285 383 0
245 55 -248 0
-55 229 247 248 0
245 -247 -248 0
-226 -55 247 248 383 0
226 245 -229 -248 0
245 -55 247 -267 285 0
-198 201 394 0
-198 -66 220 0
198 -498 0
198 -501 0
198 -503 0
198 66 -201 0
200 201 218 -220 0
198 -201 218 -220 0
-66 181 182 -201 220 0
21 26 32 38 43 386 0
-286 -32 43 0
-267 -32 43 288 386 0
-268 -32 43 288 386 0
285 286 -384 21 26 -32 -43 386 0
-285 286 -384 -288 0
-209 -26 43 0
-191 -26 43 211 386 0
-192 -26 43 211 386 0
208 209 -384 21 -26 32 -43 386 0
-208 209 -384 -211 0
-133 -21 43 0
-115 -21 43 135 386 0
-116 -21 43 135 386 0
132 133 -384 -21 26 32 -43 386 0
-132 133 -384 -135 0
363 364 -384 -38 -43 386 0
364 -384 -43 -366 0
-363 -38 43 0
-364 -38 43 0
-345 -38 43 366 386 0
-346 -38 43 366 386 0
23 28 34 40 45 392 0
-23 28 34 -45 392 -398 0
-293 -34 45 0
-294 -34 45 0
293 294 -390 23 28 -34 -45 392 0
294 -390 23 28 -45 -296 0
-216 -28 45 0
-217 -28 45 0
-198 216 -390 -28 219 392 0
-199 216 -390 -28 219 392 0
216 217 -390 23 -28 34 -45 392 0
217 -390 23 34 -45 -219 0
-279 282 397 0
-279 -71 301 0
279 -484 0
279 -487 0
279 -489 0
279 71 -282 0
281 282 299 -301 0
279 -282 299 -301 0
-71 261 262 -282 301 0
-113 115 385 0
-113 -53 132 383 0
113 53 -115 0
114 115 -132 385 0
113 -115 -132 0
48 -170 0
170 -189 382 0
-48 19 30 36 170 382 0
-51 150 169 189 0
-1 -170 0
-3 -170 0
24 29 35 41 46 395 0
24 -29 35 -46 395 -399 0
375 376 -393 -41 -46 395 0
376 -393 -46 -378 0
-375 -41 46 0
-376 -41 46 0
144 145 -393 -24 29 35 -46 395 0
145 -393 29 35 -46 -147 0
-144 -24 46 0
-145 -24 46 0
371 372 -390 -40 -45 392 0
372 -390 -45 -374 0
-371 -40 45 0
-372 -40 45 0
-353 -40 45 374 392 0
-354 -40 45 374 392 0
-216 -293 -371 -390 392 398 0
-216 -293 -372 -390 392 398 0
-217 -293 -371 -390 392 398 0
-217 -293 -372 -390 392 398 0
-216 -294 -371 -390 392 398 0
-216 -294 -372 -390 392 398 0
-217 -294 -371 -390 392 398 0
-217 -294 -372 -390 392 398 0
-297 -35 46 0
-298 -35 46 0
-279 297 -393 -35 300 395 0
-280 297 -393 -35 300 395 0
297 298 -393 24 29 -35 -46 395 0
298 -393 24 29 -46 -300 0
-144 -297 -375 -393 395 399 0
-144 -298 -375 -393 395 399 0
-145 -297 -375 -393 395 399 0
-145 -298 -375 -393 395 399 0
-144 -297 -376 -393 395 399 0
-144 -298 -376 -393 395 399 0
-145 -297 -376 -393 395 399 0
-145 -298 -376 -393 395 399 0
-330 333 391 0
-330 -64 353 371 0
330 -512 0
330 -514 0
330 64 -333 0
-333 -389 0
330 332 351 -353 0
330 -332 -333 0
330 312 -314 -333 0
-64 -312 332 333 0
-64 314 332 333 0
-136 -22 44 0
-137 -22 44 0
-119 136 -387 -22 139 389 0
-120 136 -387 -22 139 389 0
136 137 -387 -22 27 33 -44 389 0
137 -387 27 33 -44 -139 0
-136 -212 -367 -387 389 400 0
-137 -212 -367 -387 389 400 0
-136 -212 -368 -387 389 400 0
-137 -212 -368 -387 389 400 0
-136 -213 -367 -387 389 400 0
-137 -213 -367 -387 389 400 0
-136 -213 -368 -387 389 400 0
-137 -213 -368 -387 389 400 0
-93 96 385 0
-93 -53 115 132 383 0
93 53 -96 0
-53 76 95 96 0
93 -95 -96 0
-73 -53 95 96 383 0
73 93 -76 -96 0
93 -53 95 -115 132 0
93 113 150 42 383 -385 0
73 93 113 42 383 -385 0
132 191 285 363 -406 453 454 0
96 191 248 363 -406 453 0
96 191 229 363 -406 0
76 191 248 363 -406 0
76 191 229 363 -406 454 0
115 191 267 363 -406 453 454 0
115 132 172 248 345 -406 453 0
115 132 172 229 345 -406 0
-119 122 391 0
-119 -61 140 0
119 312 -415 511 512 515 516 517 0
119 254 -415 511 513 514 516 517 0
119 138 -415 512 513 514 515 516 517 0
119 61 -122 0
-122 -389 0
121 122 138 -140 0
119 -122 138 -140 0
-61 102 103 -122 140 0
115 208 248 363 -406 453 0
132 208 267 363 -406 453 454 0
132 208 267 345 -406 453 454 0
132 191 267 326 -406 453 0
132 172 267 326 -406 453 0
132 191 267 306 -406 454 0
132 172 267 306 -406 0
132 153 267 306 -406 454 0
132 208 285 345 363 -406 453 454 0
115 132 208 285 363 -406 453 454 0
-104 107 394 0
-104 -65 125 144 0
104 -499 0
104 -502 0
104 65 -107 0
-65 87 106 107 0
104 -106 -107 0
104 -65 106 -125 144 0
-169 172 385 0
-169 -54 191 208 383 0
169 54 -172 0
-54 153 171 172 0
169 -171 -172 0
-150 -54 171 172 383 0
150 169 -153 -172 0
169 -54 171 -191 208 0
169 189 226 42 383 -385 0
113 169 303 42 383 -385 0
-256 259 394 0
-256 -67 279 297 0
256 -499 0
256 -500 0
256 -503 0
256 67 -259 0
256 258 277 -279 0
256 -258 -259 0
256 238 -240 -259 0
-67 -238 258 259 0
-67 240 258 259 0
-195 198 391 0
-195 -62 216 0
195 62 -198 0
-198 -389 0
197 198 214 -216 0
195 -198 214 -216 0
195 138 -415 512 513 514 515 517 0
195 102 -415 511 513 514 515 517 0
195 82 -415 511 512 514 515 0
119 195 -415 511 512 513 514 515 517 0
-84 87 394 0
-84 -65 106 107 0
84 65 -87 0
-87 -392 0
-65 86 87 0
84 -86 -87 0
84 373 -413 498 499 500 501 503 0
84 355 -413 497 499 500 501 503 0
84 335 -413 497 498 500 501 503 0
84 104 -87 -107 0
-314 317 394 0
-314 -68 335 336 337 0
314 -503 0
314 68 -317 0
-317 -392 0
314 373 -413 498 499 500 501 502 0
314 277 -413 497 499 501 502 0
314 181 -413 497 498 500 502 0
-68 316 317 0
314 -316 -317 0
314 -317 335 -337 0
84 314 -413 497 498 499 500 501 0
-51 -323 0
-52 -323 0
303 304 -323 0
-93 -323 0
-113 -323 0
47 -73 -323 0
-51 -343 0
-52 -343 0
303 304 -343 0
-93 -343 0
-113 -343 0
47 -73 -343 0
50 -51 -303 0
50 -52 -303 0
50 -93 -303 0
50 -113 -303 0
47 50 -73 -303 0
51 52 73 93 113 303 304 382 0
-50 51 52 73 93 113 323 343 382 0
-36 51 52 73 93 113 323 343 382 0
-47 51 52 93 113 303 304 382 0
-47 -36 51 52 93 113 323 343 382 0
382 -418 0
48 -382 418 0
48 -19 -382 0
48 -30 -382 0
48 -36 -382 0
48 1 -2 3 -382 0
47 -382 418 0
47 -19 -382 0
47 -30 -382 0
47 -36 -382 0
47 1 -2 3 -382 0
48 19 30 36 -150 0
113 169 303 382 -383 0
113 169 226 382 -383 0
73 113 169 382 -383 0
93 189 303 382 -383 0
93 189 226 382 -383 0
93 150 189 382 -383 0
47 -19 74 0
-49 -52 245 265 0
-30 -52 245 265 0
-48 -1 -51 169 0
-48 -3 -51 169 0
-48 19 30 36 -51 189 0
-47 -19 -93 0
-50 -36 -323 0
-49 -30 -245 0
48 2 19 36 418 0
47 2 19 36 418 0
-48 -2 3 30 -169 0
-176 179 391 0
-176 -62 198 216 0
176 -512 0
176 -516 0
176 -517 0
176 62 -179 0
-179 -389 0
-62 160 178 179 0
176 -178 -179 0
-157 -62 178 179 0
157 176 -160 -179 0
176 -62 178 -198 216 0
321 -534 0
243 -534 0
167 -534 0
91 -534 0
360 -535 0
205 -535 0
129 -535 0
379 -536 0
301 -536 0
224 -536 0
148 -536 0
148 -537 0
129 -537 0
111 -537 0
91 -537 0
224 -538 0
205 -538 0
167 -538 0
379 -539 0
360 -539 0
341 -539 0
321 -539 0
321 -540 0
263 -540 0
205 -540 0
148 -540 0
282 341 -533 534 536 537 538 540 0
263 379 -533 534 535 537 538 0
263 282 -533 534 536 537 538 539 0
91 263 -533 535 536 538 539 0
111 282 -533 534 536 538 539 540 0
187 301 -533 534 535 537 539 540 0
187 282 -533 534 536 537 539 540 0
187 263 -533 534 535 536 537 539 0
187 243 -533 535 536 537 539 540 0
301 341 379 -533 534 535 537 538 540 0
243 341 379 -533 535 537 538 540 0
91 301 341 -533 535 538 540 0
91 243 341 -533 535 536 538 540 0
111 301 379 -533 534 535 538 540 0
111 243 379 -533 535 538 540 0
91 111 301 -533 535 538 539 540 0
91 111 243 -533 535 536 538 539 540 0
321 -575 0
243 -575 0
167 -575 0
91 -575 0
-129 -205 -282 -360 576 0
360 -576 0
205 -576 0
129 -576 0
379 -577 0
301 -577 0
224 -577 0
148 -577 0
148 -578 0
129 -578 0
111 -578 0
91 -578 0
-167 -187 -205 -224 579 0
224 -579 0
205 -579 0
167 -579 0
379 -580 0
360 -580 0
341 -580 0
321 -580 0
321 -581 0
263 -581 0
205 -581 0
148 -581 0
558 -576 0
558 -579 0
282 341 -558 575 577 578 579 581 0
263 379 -558 575 576 578 579 0
263 282 -558 575 577 578 579 580 0
91 263 -558 576 577 579 580 0
111 282 -558 575 577 579 580 581 0
187 301 -558 575 576 578 580 581 0
187 282 -558 575 577 578 580 581 0
187 263 -558 575 576 577 578 580 0
187 243 -558 576 577 578 580 581 0
301 341 379 -558 575 576 578 579 581 0
243 341 379 -558 576 578 579 581 0
91 301 341 -558 576 579 581 0
91 243 341 -558 576 577 579 581 0
111 301 379 -558 575 576 579 581 0
111 243 379 -558 576 579 581 0
91 111 301 -558 576 579 580 581 0
91 111 243 -558 576 577 579 580 581 0
-550 -562 0
-543 -550 0
-550 -563 0
-550 -553 0
111 -559 0
-541 -559 0
263 -560 0
-541 -560 0
396 -546 0
-91 -167 -243 -321 582 0
321 -582 0
243 -582 0
167 -582 0
91 -582 0
-129 -205 -282 -360 583 0
360 -583 0
205 -583 0
129 -583 0
379 -588 0
301 -588 0
224 -588 0
148 -588 0
-91 -111 -129 -148 584 0
148 -584 0
129 -584 0
111 -584 0
91 -584 0
-167 -187 -205 -224 585 0
224 -585 0
205 -585 0
167 -585 0
-321 -341 -360 -379 586 0
379 -586 0
360 -586 0
341 -586 0
321 -586 0
-148 -205 -263 -321 587 0
321 -587 0
263 -587 0
205 -587 0
148 -587 0
-552 554 0
-552 564 0
556 -565 0
545 -565 0
-557 573 0
544 -557 0
548 -566 0
542 -571 0
544 -571 0
545 -571 0
555 -574 0
555 -572 0
-572 573 0
545 -572 0
560 -567 0
559 -567 0
560 -569 0
559 -570 0
560 -568 0
561 -582 0
561 -583 0
561 -584 0
561 -585 0
561 -586 0
561 -587 0
-541 550 0
397 423 -541 561 0
546 -563 0
543 550 553 562 563 0
546 -553 0
546 -562 0
388 392 -546 547 550 0
-543 546 0
541 -561 0
-264 541 551 0
-550 -555 0
-111 -187 -263 -341 561 0
-544 -550 0
-553 -563 0
-562 -563 0
-553 -562 0
-543 -553 0
-543 -562 0
-543 -563 0
264 -551 0
-130 541 548 -562 0
-547 549 554 557 565 566 571 572 0
544 -547 549 552 565 566 572 574 0
-547 548 549 552 557 565 571 572 574 0
-547 548 552 565 571 573 574 0
-547 548 557 564 565 571 572 574 0
-91 -187 -282 -379 561 0
282 341 -561 582 584 585 587 588 0
263 379 -561 582 583 584 585 0
263 282 -561 582 584 585 586 588 0
91 263 -561 583 585 586 588 0
111 282 -561 582 585 586 587 588 0
-302 541 -563 0
-224 542 550 0
-224 541 -543 0
224 -542 543 0
-301 541 -563 0
-301 549 550 0
301 -569 0
301 -549 563 0
-243 -263 -282 -301 561 0
187 301 -561 582 583 584 586 587 0
187 282 -561 582 584 586 587 588 0
187 263 -561 582 583 584 586 588 0
187 243 -561 583 584 586 587 588 0
301 341 379 -561 582 583 584 585 587 0
243 341 379 -561 583 584 585 587 0
91 301 341 -561 583 585 587 0
91 243 341 -561 583 585 587 588 0
111 301 379 -561 582 583 585 587 0
111 243 379 -561 583 585 587 0
91 111 301 -561 583 585 586 587 0
91 111 243 -561 583 585 586 587 588 0
-129 541 548 -562 0
129 -570 0
-148 541 -562 0
-148 548 550 0
148 -570 0
148 -568 0
148 -548 562 0
559 562 -565 0
559 562 -566 0
-205 541 542 -543 0
205 543 -544 0
205 -542 -544 0
-321 550 554 0
321 -568 0
-541 553 -554 0
-547 554 555 565 566 571 573 0
542 -547 554 565 566 573 0
-547 554 555 557 564 565 566 571 0
542 -547 554 557 564 565 566 572 0
544 -547 552 555 565 566 573 0
542 544 -547 552 565 566 573 574 0
544 -547 555 564 565 566 0
542 544 -547 564 565 566 572 574 0
-547 552 555 557 560 563 566 571 0
-547 549 552 557 560 563 566 571 572 574 0
542 -547 552 557 560 563 566 572 574 0
-547 548 552 557 560 563 571 572 574 0
-547 -550 552 557 566 571 574 0
-547 -551 552 555 557 560 566 571 0
379 553 -555 0
-282 541 549 -563 0
282 -569 0
282 563 -573 0
549 551 560 -563 -573 0
282 -549 -573 0
243 -569 0
243 563 -564 0
243 -244 541 -564 0
244 -563 564 0
243 -547 552 555 557 560 -564 566 571 0
-149 541 -562 0
-225 541 -543 0
-148 -224 -301 -379 541 0
-149 -224 -301 -379 541 0
-148 -225 -301 -379 541 0
-149 -225 -301 -379 541 0
-148 -224 -302 -379 541 0
-149 -224 -302 -379 541 0
-148 -225 -302 -379 541 0
-149 -225 -302 -379 541 0
-148 -224 -301 -380 541 0
-149 -224 -301 -380 541 0
-148 -225 -301 -380 541 0
-149 -225 -301 -380 541 0
-148 -224 -302 -380 541 0
-149 -224 -302 -380 541 0
-148 -225 -302 -380 541 0
-283 541 549 -563 0
-112 541 559 -565 0
-112 541 559 -566 0
129 -557 562 0
129 -548 -557 0
112 548 -557 559 -562 0
129 -566 0
129 130 -548 -562 0
167 543 -552 0
-206 541 542 -543 0
167 -168 541 -552 0
167 -168 541 -571 0
360 553 -557 0
360 -555 -557 0
360 -574 0
341 342 360 361 -553 -555 0
91 -570 0
91 559 -566 0
91 -552 562 0
91 562 -572 0
91 -92 541 -552 0
91 -92 541 -566 0
91 92 559 -565 0
341 -567 0
341 553 -556 0
322 342 -553 554 556 0
341 342 555 -556 -557 0
-302 -542 -546 547 -548 -555 0
-149 -542 -546 547 -549 -555 0
-149 -302 -542 -546 547 -555 0
-225 541 -546 547 -548 -549 -555 0
-225 -302 541 -546 547 -548 -555 0
-149 -225 -546 547 -549 -555 0
-149 -225 -302 -546 547 -555 0
187 -567 0
187 543 -545 0
167 168 187 -545 0
187 -188 541 -545 0
187 188 542 -543 -544 0
-379 550 0
-380 550 0
321 -342 -361 -396 550 0
-322 341 -361 -396 550 0
-149 -206 321 550 -551 0
-130 -206 -283 -341 360 550 0
-130 -206 -283 -342 360 550 0
-92 -168 -244 321 550 0
-112 -188 -322 341 550 -551 0
-112 -188 341 550 -551 -554 0
-92 -188 -283 -360 550 0
-92 -188 -283 -361 -396 550 0
-149 -360 -542 -546 547 -549 550 0
-149 -361 -542 -546 547 -549 550 0
-149 -302 -360 -542 -546 547 550 0
-149 -302 -361 -542 -546 547 550 0
-149 -225 -360 -546 547 -549 550 0
-149 -225 -361 -546 547 -549 550 0
-601 -642 0
-601 -644 0
-591 -601 0
-601 -643 0
111 -631 0
-590 -631 0
263 -632 0
-590 -632 0
-91 -167 -243 -321 680 0
321 -680 0
243 -680 0
167 -680 0
91 -680 0
-129 -205 -282 -360 681 0
360 -681 0
205 -681 0
129 -681 0
379 -682 0
301 -682 0
224 -682 0
148 -682 0
-91 -111 -129 -148 683 0
148 -683 0
129 -683 0
111 -683 0
91 -683 0
-167 -187 -205 -224 684 0
224 -684 0
205 -684 0
167 -684 0
-321 -341 -360 -379 685 0
379 -685 0
360 -685 0
341 -685 0
321 -685 0
-148 -205 -263 -321 686 0
321 -686 0
263 -686 0
205 -686 0
148 -686 0
-633 634 0
-636 645 0
616 -637 0
619 -638 0
-638 645 0
620 -640 0
634 -640 0
620 -639 0
-602 632 0
-602 631 0
-606 631 0
-604 632 0
641 -680 0
641 -681 0
641 -683 0
641 -684 0
641 -685 0
641 -686 0
-397 590 0
-590 601 0
397 423 -590 641 0
-591 617 0
591 601 642 643 644 0
617 -643 0
617 -642 0
388 392 601 -617 618 0
617 -644 0
590 -641 0
-264 589 590 0
-601 -620 0
-111 -187 -263 -341 641 0
-601 -645 0
-591 -643 0
-591 -642 0
-642 -643 0
-643 -644 0
-642 -644 0
-591 -644 0
-130 590 616 -642 0
592 -618 633 635 637 639 640 645 0
592 616 -618 633 635 636 638 639 640 0
-91 -187 -282 -379 641 0
282 341 -641 680 682 683 684 686 0
263 379 -641 680 681 683 684 0
263 282 -641 680 682 683 684 685 0
91 263 -641 681 682 684 685 0
111 282 -641 680 682 684 685 686 0
-380 590 -643 0
-361 590 620 -643 0
591 632 -633 0
-589 632 -633 0
-224 601 619 0
-224 590 -644 0
224 -603 0
224 -619 644 0
301 591 -592 0
-243 -263 -282 -301 641 0
187 301 -641 680 681 683 685 686 0
187 282 -641 680 682 683 685 686 0
187 263 -641 680 681 682 683 685 0
187 243 -641 681 682 683 685 686 0
301 341 379 -641 680 681 683 684 686 0
243 341 379 -641 681 683 684 686 0
91 301 341 -641 681 684 686 0
91 243 341 -641 681 682 684 686 0
111 301 379 -641 680 681 684 686 0
111 243 379 -641 681 684 686 0
91 111 301 -641 681 684 685 686 0
91 111 243 -641 681 682 684 685 686 0
243 244 264 -589 0
-129 590 616 -642 0
129 -605 0
129 -606 0
-148 590 -642 0
-148 601 616 0
148 -606 0
148 -604 0
148 -616 642 0
631 -633 642 0
631 -637 642 0
-205 590 619 -644 0
205 -605 0
205 -603 0
205 -604 0
205 644 -645 0
205 -619 -645 0
591 592 -618 632 635 636 637 638 639 640 0
-601 -618 635 636 637 638 640 0
-589 -618 620 632 635 636 637 638 0
-589 592 -618 632 635 636 637 638 639 640 0
-589 -618 619 632 635 636 637 639 640 0
-379 590 -643 0
-379 601 620 0
379 -620 643 0
282 -605 0
-625 -659 0
-595 -625 0
-625 -653 0
-625 -654 0
111 -657 0
-594 -657 0
263 -652 0
-594 -652 0
-91 -167 -243 -321 687 0
321 -687 0
243 -687 0
167 -687 0
91 -687 0
-129 -205 -282 -360 688 0
360 -688 0
205 -688 0
129 -688 0
379 -693 0
301 -693 0
224 -693 0
148 -693 0
-91 -111 -129 -148 689 0
148 -689 0
129 -689 0
111 -689 0
91 -689 0
-167 -187 -205 -224 690 0
224 -690 0
205 -690 0
187 -690 0
167 -690 0
-321 -341 -360 -379 691 0
379 -691 0
360 -691 0
341 -691 0
321 -691 0
-148 -205 -263 -321 692 0
321 -692 0
205 -692 0
148 -692 0
-647 655 0
614 -647 0
615 -651 0
-648 656 0
593 -646 0
615 -646 0
624 -649 0
-649 655 0
624 -650 0
614 -650 0
-627 652 0
-627 657 0
-629 652 0
-630 657 0
-628 652 0
658 -687 0
658 -688 0
658 -689 0
658 -690 0
658 -691 0
658 -692 0
-397 594 0
-594 625 0
397 423 -594 658 0
622 -653 0
595 625 653 654 659 0
622 -654 0
622 -659 0
388 392 621 -622 625 0
-595 622 0
594 -658 0
-624 -625 0
-111 -187 -263 -341 658 0
-615 -625 0
-653 -654 0
-653 -659 0
-654 -659 0
-595 -654 0
-595 -659 0
-595 -653 0
-130 594 656 -659 0
596 615 -621 623 647 648 649 650 0
596 -621 623 646 647 649 650 651 656 0
-91 -187 -282 -379 658 0
282 341 -658 687 689 690 692 693 0
263 379 -658 687 688 689 690 0
263 282 -658 687 689 690 691 693 0
91 263 -658 688 690 691 693 0
111 282 -658 687 690 691 692 693 0
-380 594 -654 0
-302 594 -653 0
-361 594 624 -654 0
-647 652 653 0
224 -593 595 0
-301 594 -653 0
-301 623 625 0
301 -629 0
301 -623 653 0
-243 -263 -282 -301 658 0
187 301 -658 687 688 689 691 692 0
187 282 -658 687 689 691 692 693 0
187 263 -658 687 688 689 691 693 0
187 243 -658 688 689 691 692 693 0
301 341 379 -658 687 688 689 690 692 0
243 341 379 -658 688 689 690 692 0
91 301 341 -658 688 690 692 0
91 243 341 -658 688 690 692 693 0
111 301 379 -658 687 688 690 692 0
111 243 379 -658 688 690 692 0
91 111 301 -658 688 690 691 692 0
91 111 243 -658 688 690 691 692 693 0
-129 594 656 -659 0
129 -626 0
129 -630 0
-148 594 -659 0
-148 625 656 0
148 -630 0
148 -628 0
148 -656 659 0
-647 657 659 0
-648 657 659 0
205 -626 0
205 -628 0
205 595 -615 0
205 -593 -615 0
596 -621 624 646 648 651 652 653 0
593 596 -621 648 649 650 651 652 653 0
596 -621 646 649 650 651 652 653 656 0
-379 594 -654 0
-379 624 625 0
379 -624 654 0
-282 594 623 -653 0
282 -626 0
282 -629 0
243 -629 0
-149 594 -659 0
-148 -224 -301 -379 594 0
-149 -224 -301 -379 594 0
-148 -225 -301 -379 594 0
-149 -225 -301 -379 594 0
-148 -224 -302 -379 594 0
-149 -224 -302 -379 594 0
-148 -225 -302 -379 594 0
-149 -225 -302 -379 594 0
-148 -224 -301 -380 594 0
-149 -224 -301 -380 594 0
-148 -225 -301 -380 594 0
-149 -225 -301 -380 594 0
-148 -224 -302 -380 594 0
-149 -224 -302 -380 594 0
-148 -225 -302 -380 594 0
-283 594 623 -653 0
-206 590 619 -644 0
-225 590 -644 0
-112 594 -647 657 0
-112 594 -648 657 0
129 -651 659 0
129 -651 -656 0
112 -651 656 657 -659 0
129 -648 0
129 130 -656 -659 0
187 188 206 -593 -595 615 0
-149 590 -642 0
-149 -206 -322 -589 601 0
-360 594 624 -654 0
360 -626 0
360 -651 654 0
360 -624 -651 0
360 -649 0
341 -602 0
341 -634 643 0
341 -342 590 -634 0
91 -648 657 0
91 -596 659 0
91 -650 659 0
91 -92 594 -596 0
91 -92 594 -648 0
91 -92 594 -650 0
91 92 -647 657 0
187 -602 0
187 -603 0
187 188 619 -644 -645 0
341 -627 0
341 654 -655 0
341 -342 594 -655 0
341 342 624 -651 -655 0
-599 -609 0
-609 -670 0
-609 -668 0
-609 -667 0
111 -607 0
148 149 600 0
-148 -600 0
-149 -600 0
263 -661 0
-597 -661 0
-91 -167 -243 -321 694 0
321 -694 0
243 -694 0
167 -694 0
91 -694 0
-129 -205 -282 -360 695 0
360 -695 0
282 -695 0
205 -695 0
129 -695 0
379 -696 0
301 -696 0
224 -696 0
148 -696 0
-91 -111 -129 -148 697 0
148 -697 0
129 -697 0
111 -697 0
91 -697 0
-167 -187 -205 -224 698 0
224 -698 0
205 -698 0
167 -698 0
-321 -341 -360 -379 699 0
379 -699 0
360 -699 0
341 -699 0
321 -699 0
-148 -205 -263 -321 700 0
321 -700 0
205 -700 0
148 -700 0
-664 673 0
-608 662 0
671 -677 0
662 -677 0
669 -675 0
-665 669 0
662 -665 0
-611 661 0
607 -611 0
-612 661 0
666 -694 0
666 -695 0
666 -697 0
666 -698 0
666 -699 0
666 -700 0
-397 597 0
-597 609 0
397 423 -597 666 0
-668 678 0
599 609 667 668 670 0
-667 678 0
-599 678 0
388 392 609 676 -678 0
-670 678 0
597 -666 0
-264 597 660 0
-598 -609 0
-609 -669 0
-111 -187 -263 -341 666 0
-667 -668 0
-599 -668 0
-599 -667 0
-667 -670 0
-599 -670 0
-668 -670 0
264 -660 0
598 608 663 664 665 672 675 -676 677 0
598 608 663 665 673 675 -676 677 0
-91 -187 -282 -379 666 0
282 341 -666 694 696 697 698 700 0
263 379 -666 694 695 697 698 0
263 282 -666 694 696 697 698 699 0
91 263 -666 695 696 698 699 0
111 282 -666 694 696 698 699 700 0
-380 597 -667 0
-302 597 -668 0
-361 597 -667 669 0
-608 -660 661 0
-224 609 671 0
-224 597 -670 0
224 -613 0
224 670 -671 0
-301 597 -668 0
-301 609 672 0
301 -612 0
301 668 -672 0
-243 -263 -282 -301 666 0
187 301 -666 694 695 697 699 700 0
187 282 -666 694 696 697 699 700 0
187 263 -666 694 695 696 697 699 0
187 243 -666 695 696 697 699 700 0
301 341 379 -666 694 695 697 698 700 0
243 341 379 -666 695 697 698 700 0
91 301 341 -666 695 698 700 0
91 243 341 -666 695 696 698 700 0
111 301 379 -666 694 695 698 700 0
111 243 379 -666 695 698 700 0
91 111 301 -666 695 698 699 700 0
91 111 243 -666 695 696 698 699 700 0
-224 -301 -379 597 600 0
-225 -301 -379 597 600 0
-224 -302 -379 597 600 0
-225 -302 -379 597 600 0
-224 -301 -380 597 600 0
-225 -301 -380 597 600 0
-224 -302 -380 597 600 0
-225 -302 -380 597 600 0
129 -610 0
148 -598 599 0
599 607 -608 0
-205 597 -670 671 0
205 -610 0
205 -613 0
661 663 664 668 669 674 -676 677 0
661 663 664 665 668 672 674 675 -676 677 0
661 663 664 665 668 671 674 675 -676 0
598 661 663 664 665 668 675 -676 677 0
598 -660 661 663 664 665 675 -676 677 0
-379 597 -667 0
-379 609 669 0
379 667 -669 0
-282 597 -668 672 0
282 -610 0
282 -612 0
243 -612 0
243 668 -673 0
243 -608 661 -673 0
243 -244 597 -673 0
244 -668 673 0
321 -701 0
243 -701 0
167 -701 0
91 -701 0
-129 -205 -282 -360 702 0
360 -702 0
205 -702 0
129 -702 0
379 -707 0
301 -707 0
224 -707 0
148 -707 0
148 -703 0
129 -703 0
111 -703 0
91 -703 0
-167 -187 -205 -224 704 0
224 -704 0
205 -704 0
167 -704 0
379 -705 0
360 -705 0
341 -705 0
321 -705 0
321 -706 0
263 -706 0
205 -706 0
148 -706 0
679 -702 0
679 -704 0
282 341 -679 701 703 704 706 707 0
263 379 -679 701 702 703 704 0
263 282 -679 701 703 704 705 707 0
91 263 -679 702 704 705 707 0
111 282 -679 701 704 705 706 707 0
187 301 -679 701 702 703 705 706 0
187 282 -679 701 703 705 706 707 0
187 263 -679 701 702 703 705 707 0
187 243 -679 702 703 705 706 707 0
301 341 379 -679 701 702 703 704 706 0
243 341 379 -679 702 703 704 706 0
91 301 341 -679 702 704 706 0
91 243 341 -679 702 704 706 707 0
111 301 379 -679 701 702 704 706 0
111 243 379 -679 702 704 706 0
91 111 301 -679 702 704 705 706 0
91 111 243 -679 702 704 705 706 707 0
-206 597 -670 671 0
-225 597 -670 0
-283 597 -668 672 0
341 -611 0
187 -611 0
187 -613 0
187 -662 670 0
187 -188 597 -662 0
-129 -206 -322 609 -660 0
-130 -206 -322 609 -660 0
360 361 -624 -654 0
342 624 -651 -654 655 0
-111 129 -206 -283 -361 609 0
-112 129 -206 -283 -361 609 0
600 609 0
-130 -206 -263 282 -361 601 0
-130 -206 -264 282 -361 601 0
-301 601 0
-302 601 0
243 -283 -396 -589 601 0
-244 263 589 590 0
-243 263 589 590 0
-282 -396 590 -591 0
-283 -396 590 -591 0
-263 590 -591 592 0
-264 590 -591 592 0
-187 593 594 -595 0
-188 593 594 -595 0
167 594 -596 0
-111 597 598 -599 0
-112 597 598 -599 0
-129 597 -599 -600 0
-130 597 -599 -600 0
301 302 321 379 -396 590 -601 602 603 605 606 0
282 301 302 321 -396 590 -601 602 603 606 0
243 301 302 379 -396 590 -601 602 603 604 605 606 0
243 282 301 302 341 -396 590 -601 603 604 606 0
187 301 302 321 -396 590 -601 605 606 0
187 243 301 302 341 -396 590 -601 604 605 606 0
129 599 -663 0
129 -598 -663 0
129 -674 0
111 112 129 130 -598 -599 0
-148 -224 -301 -379 590 0
-149 -224 -301 -379 590 0
-148 -225 -301 -379 590 0
-149 -225 -301 -379 590 0
-148 -224 -302 -379 590 0
-149 -224 -302 -379 590 0
-148 -225 -302 -379 590 0
-149 -225 -302 -379 590 0
-148 -224 -301 -380 590 0
-149 -224 -301 -380 590 0
-148 -225 -301 -380 590 0
-149 -225 -301 -380 590 0
-148 -224 -302 -380 590 0
-149 -224 -302 -380 590 0
-148 -225 -302 -380 590 0
-92 597 607 -608 0
-92 111 -188 -342 609 -660 0
-92 111 -130 609 0
-112 590 631 -633 0
-112 590 631 -637 0
-112 -188 -342 -589 601 0
321 -664 667 0
321 -322 597 -664 0
321 -322 597 -675 0
321 608 663 665 667 672 674 -676 677 0
321 608 663 667 669 673 674 -676 677 0
321 -322 597 608 663 665 671 673 674 -676 0
321 379 -396 597 -600 -609 610 611 612 613 0
282 321 -396 597 -600 -609 611 613 0
243 379 -396 597 -600 -609 610 611 613 0
243 282 341 -396 597 -600 -609 613 0
187 321 -396 597 -600 -609 610 612 0
187 243 341 -396 597 -600 -609 610 0
91 321 -396 597 -600 -609 610 611 612 613 0
91 341 -396 597 -600 -609 610 612 613 0
91 379 -396 597 -600 -609 610 611 612 613 0
167 -613 0
167 -664 670 0
167 670 -677 0
167 -168 597 -664 0
167 -168 597 -677 0
167 168 187 -662 0
167 379 -396 597 -600 -609 610 611 612 0
167 282 341 -396 597 -600 -609 0
167 187 341 -396 597 -600 -609 610 612 0
321 -596 654 0
321 -322 594 -596 0
321 -322 594 -649 0
321 -621 623 646 647 648 650 651 654 0
321 -322 594 -621 623 646 647 648 650 651 0
321 322 341 -655 0
-360 597 -667 669 0
360 -610 0
360 -663 667 0
360 -663 -669 0
360 -675 0
360 361 -667 -669 0
341 342 -663 -667 669 0
243 282 360 -396 597 -600 -609 611 613 0
187 243 360 -396 597 -600 -609 0
91 360 -396 597 -600 -609 611 612 613 0
167 282 360 -396 597 -600 -609 611 0
167 187 360 -396 597 -600 -609 612 0
-380 -592 -616 -617 618 -619 0
-225 -592 -616 -617 618 -620 0
-225 -380 -592 -616 -617 618 0
-149 -592 -617 618 -619 -620 0
-149 -380 -592 601 -617 618 -619 0
-149 -225 -592 -617 618 -620 0
-149 -225 -380 -592 601 -617 618 0
-149 -282 -617 618 -619 -620 0
-149 -282 -380 601 -617 618 -619 0
-149 -283 -617 618 -619 -620 0
-149 -283 -380 601 -617 618 -619 0
-149 -225 -282 -617 618 -620 0
-149 -225 -283 -617 618 -620 0
-282 301 -616 -617 618 -619 -620 0
-282 301 -380 -616 -617 618 -619 0
-283 301 -616 -617 618 -619 -620 0
-283 301 -380 -616 -617 618 -619 0
-225 -282 301 -616 -617 618 -620 0
-225 -282 301 -380 -616 -617 618 0
-225 -283 301 -616 -617 618 -620 0
-225 -283 301 -380 -616 -617 618 0
282 -663 668 0
660 661 -663 -668 672 0
282 -665 668 0
660 661 -665 -668 672 0
282 598 608 664 -672 675 -676 677 0
282 321 608 667 669 -672 674 -676 677 0
282 321 -322 597 608 671 -672 674 -676 0
-380 -593 621 -622 -623 -656 0
-302 -593 621 -622 -624 -656 0
-302 -380 -593 621 -622 -656 0
-149 -593 621 -622 -623 -624 0
-149 -380 -593 621 -622 -623 625 0
-149 -302 -593 621 -622 -624 0
-149 -302 -380 -593 621 -622 625 0
-205 -380 621 -622 -623 -656 0
-205 -302 -380 621 -622 -656 0
-206 -380 621 -622 -623 -656 0
-206 -302 -380 621 -622 -656 0
-149 -205 621 -622 -623 -624 0
-149 -205 -302 621 -622 -624 0
-149 -206 621 -622 -623 -624 0
-149 -206 -302 621 -622 -624 0
-380 -598 -671 -672 676 -678 0
-302 -598 -669 -671 676 -678 0
-302 -380 -598 -671 676 -678 0
-225 -598 -669 -672 676 -678 0
-225 -380 -598 -672 676 -678 0
-225 -302 -598 -669 676 -678 0
-225 -302 -380 -598 676 -678 0
-129 -669 -671 -672 676 -678 0
-129 -380 609 -671 -672 676 -678 0
-129 -302 -669 -671 676 -678 0
-129 -302 -380 609 -671 676 -678 0
-129 -225 -669 -672 676 -678 0
-129 -225 -380 609 -672 676 -678 0
-129 -225 -302 -669 676 -678 0
-130 -669 -671 -672 676 -678 0
-130 -380 609 -671 -672 676 -678 0
-130 -302 -669 -671 676 -678 0
-130 -302 -380 609 -671 676 -678 0
-130 -225 -669 -672 676 -678 0
-130 -225 -380 609 -672 676 -678 0
-130 -225 -302 -669 676 -678 0
167 224 225 379 -396 594 -625 626 627 628 629 630 0
224 225 282 321 -396 594 -625 627 630 0
224 225 321 379 -396 594 -625 626 627 629 630 0
224 225 243 379 -396 594 -625 626 627 628 630 0
224 225 243 282 360 -396 594 -625 627 628 630 0
167 224 225 282 360 -396 594 -625 627 628 630 0
91 224 225 321 -396 594 -625 626 627 629 0
91 224 225 379 -396 594 -625 626 627 628 629 0
91 224 225 360 -396 594 -625 627 628 629 0
224 225 243 282 341 -396 594 -625 628 630 0
167 224 225 282 341 -396 594 -625 628 630 0
91 224 225 341 -396 594 -625 626 628 629 0
-205 594 -595 0
-206 594 -595 0
-205 594 621 -622 -623 -624 -656 0
-205 -302 594 621 -622 -624 -656 0
-206 594 621 -622 -623 -624 -656 0
-206 -302 594 621 -622 -624 -656 0
-130 -187 205 -283 -361 625 0
-130 -188 205 -283 -361 625 0
-92 167 -244 -322 625 0
167 -188 -206 625 0
-92 -168 187 -283 -380 625 0
-92 -167 187 -283 -380 625 0
-149 -205 -380 621 -622 -623 625 0
-149 -206 -380 621 -622 -623 625 0
-224 625 0
-225 625 0
321 541 -554 0
-360 -396 541 -553 0
-361 -396 541 -553 0
-341 541 -553 555 0
-342 541 -553 555 0
-322 341 541 -556 0
-321 341 541 -556 0
-360 -542 -546 547 -548 -549 0
-361 -542 -546 547 -548 -549 0
-302 -360 -542 -546 547 -548 0
-302 -361 -542 -546 547 -548 0
-225 -360 541 -546 547 -548 -549 0
-225 -361 541 -546 547 -548 -549 0
-225 -302 -360 541 -546 547 -548 0
-225 -302 -361 541 -546 547 -548 0
224 282 321 379 380 -396 541 -550 567 570 0
205 321 379 380 -396 541 -550 567 569 570 0
205 243 379 380 -396 541 -550 567 570 0
91 205 379 380 -396 541 -550 567 569 0
129 167 379 380 -396 541 -550 567 568 569 0
167 205 379 380 -396 541 -550 567 569 570 0
167 282 379 380 -396 541 -550 567 568 570 0
167 360 379 380 -396 541 -550 567 568 569 570 0
129 224 321 379 380 -396 541 -550 567 569 0
224 321 360 379 380 -396 541 -550 567 569 570 0
129 224 243 379 380 -396 541 -550 567 568 0
224 243 282 379 380 -396 541 -550 567 568 570 0
224 243 360 379 380 -396 541 -550 567 568 570 0
91 129 224 379 380 -396 541 -550 567 568 569 0
91 224 282 379 380 -396 541 -550 567 568 0
91 224 360 379 380 -396 541 -550 567 568 569 0
187 282 321 379 380 -396 541 -550 570 0
129 187 321 379 380 -396 541 -550 569 0
187 321 360 379 380 -396 541 -550 569 570 0
129 187 243 379 380 -396 541 -550 568 0
187 243 282 379 380 -396 541 -550 568 570 0
187 243 360 379 380 -396 541 -550 568 570 0
91 129 187 379 380 -396 541 -550 568 569 0
91 187 282 379 380 -396 541 -550 568 0
91 187 360 379 380 -396 541 -550 568 569 0
129 -636 642 0
129 -616 -636 0
112 616 631 -636 -642 0
129 -637 0
129 130 -616 -642 0
243 590 -635 0
-92 -168 243 -322 601 0
-92 -188 -263 282 -380 601 0
-92 -188 -264 282 -380 601 0
321 -635 643 0
321 -322 590 -640 0
321 592 -618 633 636 637 638 639 643 0
321 -322 590 592 -618 633 636 637 638 639 0
321 322 341 -634 0
243 321 590 -618 619 633 636 637 639 643 0
-264 593 594 596 -621 648 649 650 651 652 0
-149 -187 205 -264 -322 625 0
-149 -188 205 -264 -322 625 0
-112 -168 187 -264 -342 625 0
-112 -167 187 -264 -342 625 0
91 -168 -244 -322 609 0
91 -188 -283 -380 609 0
91 -112 -130 609 0
91 92 597 598 -599 607 -663 0
91 597 -664 0
91 597 -665 0
-91 597 607 -608 0
-91 111 -188 -342 609 -660 0
187 -633 644 0
187 -188 590 -633 0
187 -638 644 0
187 -188 590 -638 0
187 -639 644 0
187 -188 590 -639 0
243 -596 653 0
243 -244 594 -596 0
243 -244 594 -621 646 647 649 650 651 656 0
243 615 -621 624 647 648 653 0
243 -244 593 594 615 -621 647 648 649 650 0
243 244 593 596 -621 648 649 650 651 652 0
243 -244 321 593 594 -621 647 648 650 651 654 0
243 321 -322 593 594 -621 647 648 650 651 653 0
282 -651 653 0
282 -623 -651 0
264 623 -651 652 -653 0
282 -650 653 0
282 -623 -650 0
264 623 -650 652 -653 0
282 596 -621 -623 646 647 649 656 0
282 596 615 -621 -623 624 647 648 0
282 593 596 615 -621 -623 647 648 649 0
282 321 -621 -623 624 646 647 648 654 0
282 321 -322 593 594 -621 -623 647 648 0
341 -608 667 0
341 -342 597 -608 0
321 322 341 -608 0
341 667 -675 0
341 -342 597 -675 0
205 -663 670 0
205 -663 -671 0
187 188 -663 -670 671 0
205 -677 0
205 608 664 665 670 672 674 675 -676 0
205 608 669 -671 673 674 -676 0
205 608 665 670 671 673 674 675 -676 0
205 282 608 664 669 -671 -672 674 -676 0
205 282 608 664 670 671 -672 674 675 -676 0
-360 590 620 -643 0
360 -605 0
360 -636 643 0
360 -620 -636 0
360 -640 0
360 361 -620 -643 0
341 342 620 -636 -643 0
243 282 301 302 360 -396 590 -601 602 603 604 606 0
187 243 301 302 360 -396 590 -601 604 606 0
187 -627 0
187 595 -614 0
187 593 -614 -615 0
-168 187 594 -614 0
167 168 188 594 -595 614 0
-167 187 594 -614 0
187 224 225 321 -396 594 -625 626 629 630 0
187 224 225 243 360 -396 594 -625 628 630 0
167 187 224 225 360 -396 594 -625 628 629 630 0
187 224 225 243 341 -396 594 -625 626 628 630 0
167 187 224 225 341 -396 594 -625 626 628 629 630 0
-148 -224 -301 -379 423 679 0
-149 -224 -301 -379 423 679 0
-148 -225 -301 -379 423 679 0
-149 -225 -301 -379 423 679 0
-148 -224 -302 -379 423 679 0
-149 -224 -302 -379 423 679 0
-148 -225 -302 -379 423 679 0
-149 -225 -302 -379 423 679 0
-148 -224 -301 -380 423 679 0
-149 -224 -301 -380 423 679 0
-148 -225 -301 -380 423 679 0
-149 -225 -301 -380 423 679 0
-148 -224 -302 -380 423 679 0
-149 -224 -302 -380 423 679 0
-148 -225 -302 -380 423 679 0
282 591 -636 0
589 -591 592 632 -636 0
282 -592 -636 0
282 591 -639 0
589 -591 592 632 -639 0
282 -592 -639 0
282 -592 616 -618 633 635 638 640 0
282 -592 -618 620 633 635 637 645 0
282 -592 -618 619 633 635 637 640 645 0
263 264 282 283 -591 -592 0
282 321 -592 -618 620 633 637 638 643 0
282 321 -592 -618 619 633 637 643 0
91 631 -637 0
91 -635 642 0
91 -639 642 0
91 301 302 321 -396 590 -601 602 603 605 0
91 301 302 379 -396 590 -601 602 603 604 605 0
91 301 302 341 -396 590 -601 603 604 605 0
91 -92 590 -635 0
91 -92 590 -637 0
91 -92 590 -639 0
91 92 631 -633 0
91 301 302 360 -396 590 -601 602 603 604 0
167 -603 0
167 -635 644 0
167 -168 590 -635 0
167 -168 590 -638 0
167 301 302 379 -396 590 -601 602 604 605 606 0
167 282 301 302 341 -396 590 -601 604 606 0
167 187 301 302 341 -396 590 -601 604 605 606 0
167 168 187 -633 0
167 168 187 -638 0
167 168 187 -639 0
167 282 301 302 360 -396 590 -601 602 604 606 0
167 187 301 302 360 -396 590 -601 604 606 0
-148 -224 -301 -379 423 533 0
-149 -224 -301 -379 423 533 0
-148 -225 -301 -379 423 533 0
-149 -225 -301 -379 423 533 0
-148 -224 -302 -379 423 533 0
-149 -224 -302 -379 423 533 0
-148 -225 -302 -379 423 533 0
-149 -225 -302 -379 423 533 0
-148 -224 -301 -380 423 533 0
-149 -224 -301 -380 423 533 0
-148 -225 -301 -380 423 533 0
-149 -225 -301 -380 423 533 0
-148 -224 -302 -380 423 533 0
-149 -224 -302 -380 423 533 0
-148 -225 -302 -380 423 533 0
-149 -224 -301 -379 423 558 0
-148 -225 -301 -379 423 558 0
-149 -225 -301 -379 423 558 0
-148 -224 -302 -379 423 558 0
-149 -224 -302 -379 423 558 0
-148 -225 -302 -379 423 558 0
-149 -225 -302 -379 423 558 0
-148 -224 -301 -380 423 558 0
-149 -224 -301 -380 423 558 0
-148 -225 -301 -380 423 558 0
-149 -225 -301 -380 423 558 0
-148 -224 -302 -380 423 558 0
-149 -224 -302 -380 423 558 0
-148 -225 -302 -380 423 558 0
-149 -224 -301 -379 410 423 0
-148 -225 -301 -379 410 423 0
-149 -225 -301 -379 410 423 0
-148 -224 -302 -379 410 423 0
-149 -224 -302 -379 410 423 0
-148 -225 -302 -379 410 423 0
-149 -225 -302 -379 410 423 0
-148 -224 -301 -380 410 423 0
-149 -224 -301 -380 410 423 0
-148 -225 -301 -380 410 423 0
-149 -225 -301 -380 410 423 0
-148 -224 -302 -380 410 423 0
-149 -224 -302 -380 410 423 0
-148 -225 -302 -380 410 423 0
